8219.583853
8225.167705
8230.751558
8236.335410
8241.919262
8247.503114
8258.670818
8281.006223
8325.677026
8415.018599
8593.701617
8951.067140
9665.796132
10380.515456
11710.072996
13131.781717
13137.931437
12532.967314
12550.203643
12574.381220
12597.579206
12595.845434
12578.676552
12555.352145
12500.121844
12447.839544
12400.107480
12319.747283
12252.664040
12195.566661
12107.619981
12036.771034
11977.507679
11887.301977
11814.462512
11752.492744
11653.334697
11568.252870
11421.316455
11286.122182
11223.792959
11113.970393
11035.653620
10997.840725
11018.143395
11072.614137
11121.872018
11161.154905
11191.954768
11220.147797
11247.541662
11274.619567
11303.949503
11357.177861
11377.387652
11394.175823
11406.015170
11407.148112
11388.568557
11347.371150
11296.860132
11258.995274
11242.670852
11243.869812
11279.393104
11458.311349
11506.377484
11829.486080
12841.328430
11889.035932
11876.092888
11784.960273
12143.547808
11514.222039
11509.518573
11550.749780
11297.939699
11197.894977
11249.581585
11074.108987
11148.464665
11124.738444
11119.846982
11181.975058
11200.800941
11173.381013
11162.319608
11139.101766
11095.525362
11087.447901
11038.694877
11052.988939
11066.796262
11055.627118
11043.155634
11070.964556
11085.671936
11063.085127
11057.445153
11082.179231
11038.713068
11048.935446
11058.054308
11079.282478
11062.885107
11065.841169
11025.261703
11040.953357
11024.027216
11030.509458
11015.436715
10992.849693
11005.703710
10999.123927
10992.250149
10976.228227
10978.751694
10966.882771
10726.292254
10709.683414
10692.724387
10670.375303
10649.613465
10635.045646
10624.453560
10616.318113
10609.887003
10604.679399
10600.368502
10596.728495
10593.600613
10590.871928
10588.461254
10586.308655
10584.369549
10582.607963
10580.950102
10579.431073
10578.030921
10576.732544
10575.521732
10574.386509
10573.316768
10572.304061
10571.341440
10570.423317
10569.545252
10568.703776
10567.896205
10567.120452
10566.374867
10565.658098
10564.968982
10564.306459
10563.669520
10563.057168
10562.468400
10561.902202
10561.357551
10560.833425
10560.328809
10559.842712
10559.374168
10558.922252
10558.486080
10558.064820
10557.657687
10557.263950
10556.882928
10556.513987
10556.156546
10555.810059
10555.474042
10555.148036
10554.831619
10554.524402
10554.226026
10553.936158
10553.654488
10553.380732
10553.114623
10552.855915
10552.604357
10552.359777
10552.121958
10551.890704
10551.665825
10551.447137
10551.234456
10551.027608
10550.826426
10550.630750
10550.440428
10550.255319
10550.075285
10549.900200
10549.729938
10549.564383
10549.403422
10549.246946
10549.094849
10548.947027
10548.803382
10548.663815
10548.528230
10548.396533
10548.268631
10548.144434
10548.023851
10547.906795
10547.793176
10547.682910
10547.575910
10547.472087
10547.371369
10547.273669
10547.178905
10547.086995
10546.997834
10546.911382
10546.827543
10546.746230
10546.667358
10546.590834
10546.516566
10546.444465
10546.374441
10546.306412
10546.240298
10546.176027
10546.113530
10546.052745
10545.993612
10545.936076
10545.880085
10545.825590
10545.772543
10545.720901
10545.670619
10545.621658
10545.573976
10545.527535
10545.482299
10545.438229
10545.395291
10545.353450
10545.312672
10545.272925
10545.234176
10545.196393
10545.159547
10545.123607
10545.088543
10545.054328
10545.020933
10544.988332
10544.956498
10544.925405
10544.895028
10544.865343
10544.836327
10544.807956
10544.780208
10544.753061
10544.726494
10544.700487
10544.675020
10544.650073
10542.795904
