8219.583840
8225.167668
8230.751483
8236.335286
8241.919076
8247.502854
8258.670359
8281.005169
8325.673986
8415.008413
8593.664428
8950.925088
9665.240749
10379.342939
11707.921304
13128.078255
13538.907172
12751.466697
12734.675717
12673.910555
12609.710198
12550.647015
12450.727300
12368.228998
12298.772015
12193.479700
12110.030573
12041.289232
11939.868499
11859.675255
11793.276100
11692.712131
11611.124879
11541.245364
11426.620900
11404.926387
11384.022182
11343.478045
11271.247056
11146.751897
11054.822814
11006.959804
10998.357418
11045.179038
11099.647064
11144.035805
11179.826152
11208.946922
11236.430530
11263.612338
11290.913033
11320.790121
11366.572684
11384.349152
11397.782130
11402.805360
11391.262954
11357.338832
11308.860826
11266.416698
11244.567877
11239.647052
11252.235691
11300.680989
11497.190497
11520.370665
11871.031595
12878.642320
11875.310566
12135.461689
11996.541882
11844.186150
11433.965866
11476.684803
11548.001923
11413.232446
11337.812142
11232.267087
11180.181767
11170.500658
11236.200559
11245.822106
11127.143972
11151.621846
11125.536742
11144.248535
11169.107454
11184.260536
11155.949105
11169.150836
11161.514138
11139.459567
11150.938262
11110.306321
11093.811946
11103.383123
11070.642058
11094.401449
11100.774912
11041.844684
11026.434296
11045.284799
11041.396520
11044.868282
11024.461899
10998.043070
10996.792812
10987.097408
10984.702896
10947.338860
10945.202741
10923.452027
10921.904475
10921.497308
10906.022089
10904.817541
10889.509915
10887.263431
10878.332531
10877.388038
10877.091678
10876.716551
10868.338053
10866.396768
10864.879035
10858.094083
10856.404821
10855.771818
10855.459435
10855.214526
10854.649436
10849.274329
10847.611506
10846.781586
10846.228646
10845.806689
10845.454145
10844.898882
10841.096245
10839.973681
10839.566845
10839.362337
10839.208396
10839.062328
10838.899196
10838.523671
10835.629921
10834.475832
10833.951994
10833.681819
10833.421635
10829.909437
10829.053888
10828.803359
10828.657836
10828.529051
10828.402737
10828.276751
10828.150800
10828.024859
10827.898933
10827.773031
10827.647158
10827.521317
10827.395510
10827.269740
10827.144008
10827.018313
10826.892656
10826.767038
10826.641459
10826.515918
10826.390416
10826.264953
10826.139529
10826.014143
10825.888797
10825.763489
10825.638220
10825.512990
10825.387798
10825.262645
10825.137531
10825.012456
10824.887419
10824.762421
10824.637462
10824.512541
10824.387659
10824.262815
10824.138010
10824.013243
10823.888515
10823.763825
10823.639174
10823.514561
10823.389987
10823.265451
10823.140953
10823.016493
10822.892072
10822.767689
10822.643344
10822.519038
10822.394770
10822.270540
10822.146348
10822.022194
10821.898079
10821.774001
10821.649962
10821.525960
10821.401997
10821.278071
10821.154184
10821.030335
10820.906523
10820.782750
10820.659014
10820.535316
10820.411656
10820.288034
10820.164449
10820.040903
10819.917394
10819.793923
10819.670490
10819.547094
10819.423736
10819.300416
10819.177133
10819.053888
10818.930680
10818.807510
10818.684378
10818.561283
10818.438225
10818.315206
10818.192223
10818.069278
10817.946370
10817.823500
10817.700667
10817.577871
10817.455113
10817.332392
10817.209709
10817.087062
10816.964453
10816.841881
10816.719346
10816.596849
10816.474388
10816.351965
10816.229579
10816.104564
10815.980096
10815.855712
10815.731404
10815.607171
