0.010000
0.020000
0.030000
0.040000
0.050000
0.060000
0.080000
0.120000
0.200000
0.360000
0.680000
1.320000
2.600000
3.880000
5.160000
6.440000
6.568000
6.568640
6.569280
6.570560
6.571840
6.573120
6.575680
6.578240
6.580800
6.585920
6.591040
6.596160
6.606400
6.616640
6.626880
6.647360
6.667840
6.688320
6.729280
6.737472
6.745664
6.762048
6.794816
6.860352
6.925888
6.991424
7.056960
7.188032
7.319104
7.450176
7.581248
7.712320
7.843392
7.974464
8.105536
8.236608
8.498752
8.629824
8.760896
8.891968
9.023040
9.154112
9.285184
9.416256
9.547328
9.678400
9.940544
10.202688
10.726976
11.775552
12.824128
14.921280
17.018432
19.115584
21.212736
23.309888
25.407040
27.504192
29.601344
31.698496
33.795648
35.892800
37.989952
40.087104
42.184256
44.281408
46.378560
48.475712
50.572864
52.670016
54.767168
56.864320
58.961472
61.058624
63.155776
65.252928
67.350080
69.447232
71.544384
73.641536
75.738688
77.835840
79.932992
82.030144
84.127296
86.224448
88.321600
90.000000
92.000000
94.000000
96.000000
98.000000
100.000000
102.000000
104.000000
106.000000
108.000000
110.000000
112.000000
114.000000
116.000000
118.000000
120.000000
122.000000
124.000000
126.000000
128.000000
130.000000
132.000000
134.000000
136.000000
138.000000
140.000000
142.000000
144.000000
146.000000
148.000000
150.000000
152.000000
154.000000
156.000000
158.000000
160.000000
162.000000
164.000000
166.000000
168.000000
170.000000
172.000000
174.000000
176.000000
178.000000
180.000000
182.000000
184.000000
186.000000
188.000000
190.000000
192.000000
194.000000
196.000000
198.000000
200.000000
202.000000
204.000000
206.000000
208.000000
210.000000
212.000000
214.000000
216.000000
218.000000
220.000000
222.000000
224.000000
226.000000
228.000000
230.000000
232.000000
234.000000
236.000000
238.000000
240.000000
242.000000
244.000000
246.000000
248.000000
250.000000
252.000000
254.000000
256.000000
258.000000
260.000000
262.000000
264.000000
266.000000
268.000000
270.000000
272.000000
274.000000
276.000000
278.000000
280.000000
282.000000
284.000000
286.000000
288.000000
290.000000
292.000000
294.000000
296.000000
298.000000
300.000000
302.000000
304.000000
306.000000
308.000000
310.000000
312.000000
314.000000
316.000000
318.000000
320.000000
322.000000
324.000000
326.000000
328.000000
330.000000
332.000000
334.000000
336.000000
338.000000
340.000000
342.000000
344.000000
346.000000
348.000000
350.000000
352.000000
354.000000
356.000000
358.000000
360.000000
362.000000
364.000000
366.000000
368.000000
370.000000
372.000000
374.000000
376.000000
378.000000
380.000000
382.000000
384.000000
386.000000
388.000000
390.000000
392.000000
394.000000
396.000000
398.000000
400.000000
402.000000
