8219.583853
8225.167705
8230.751558
8236.335410
8241.919262
8247.503114
8258.670818
8281.006223
8325.677026
8415.018599
8593.701617
8951.067140
9665.796132
10380.515456
11710.072996
13131.781717
13137.931437
12532.967314
12550.203643
12574.381220
12597.579206
12595.845434
12578.676552
12555.352145
12500.121844
12447.839544
12400.107480
12319.747283
12252.664040
12195.566661
12107.619981
12036.771034
11977.507679
11887.301977
11814.462512
11752.492744
11653.334697
11568.252870
11421.316455
11286.122182
11223.792959
11113.970393
11035.653620
10997.840725
11018.143395
11072.614137
11121.872018
11161.154905
11191.954768
11220.147797
11247.541662
11274.619567
11303.949503
11357.177861
11377.387652
11394.175823
11406.015170
11407.148112
11388.568557
11347.371150
11296.860132
11258.995274
11242.670852
11243.869812
11279.393104
11458.311349
11506.377484
11829.486080
12841.328430
11889.035932
11876.092888
11784.960273
12143.547808
11514.222039
11509.518573
11550.749780
11297.939699
11197.894977
11249.581585
11074.108987
11148.464665
11124.738444
11119.846982
11181.975058
11200.800941
11173.381013
11162.319608
11139.101766
11095.525362
11087.447901
11038.694877
11052.988939
11066.796262
11055.627118
11043.155634
11070.964556
11085.671936
11063.085127
11057.445153
11082.179231
11038.713068
11048.935446
11058.054308
11079.282478
11062.885107
11065.841169
11025.261703
11040.953357
11024.027216
11030.509458
11015.436715
10992.849693
11005.703710
10999.123927
10992.250149
10976.228227
10978.751694
10966.882771
10939.430106
10910.338977
10896.673588
10883.429841
10864.761886
10856.312234
10842.620143
10831.192524
10822.646717
10815.288473
10808.427586
10801.614598
10792.321788
10784.950118
10778.435371
10772.248321
10766.228548
10760.333479
10754.553335
10748.888602
10743.345432
10737.920970
10732.537118
10727.259582
10722.037710
10716.862122
10711.767237
10706.748672
10701.708044
10696.560399
10691.423874
10686.378033
10681.081247
10675.613813
10669.415459
10663.104833
10656.550951
10650.042478
10642.812211
10635.997951
10629.669496
10624.004802
10618.901000
10614.455037
10610.196171
10601.441992
10590.283013
10581.555337
10573.282216
10564.673916
10555.166553
10543.985893
10524.649960
10499.081665
10470.291143
10438.912982
10404.671758
10368.428410
10331.756736
10295.563102
10259.657084
10224.561762
10190.697236
10158.054029
10126.677743
10096.498327
10067.469406
10039.545424
10012.683565
9986.844090
9961.988330
9938.079022
9915.080262
9892.957462
9871.677308
9851.207718
9831.517800
9812.577814
9794.359131
9776.834193
9759.976481
9743.760472
9728.161610
9713.156265
9698.721705
9684.836061
9671.478297
9658.628176
9646.266236
9634.373756
9622.932732
9611.925850
9601.336459
9591.148545
9581.346710
9571.916148
9562.842619
9554.112433
9545.712426
9537.629939
9529.852802
9522.369313
9515.168218
9508.238701
9501.570358
9495.153190
9488.977578
9483.034279
9477.314402
9471.809401
9466.511056
9461.411468
9456.503038
9451.778462
9447.230716
9442.853048
9438.638964
9434.582220
9430.676814
9426.916974
9423.297148
9419.812000
9416.456398
9413.225408
9410.114284
9407.118463
9404.233558
9401.455350
9398.779782
9396.202951
9393.721106
9391.330639
9389.028080
9386.810092
9384.673467
9382.615117
9380.632076
9378.721489
9376.880611
9375.106801
9373.397522
9371.750331
9370.162879
9368.632908
9367.158245
9365.736800
9364.366564
9363.045604
9361.772060
9360.544145
9357.114385
9353.828140
9350.684701
9347.682640
9344.819935
