8214.558703
8215.117406
8215.676109
8216.234812
8216.793515
8217.352218
8218.469623
8220.704435
8225.174059
8234.113305
8251.991796
8287.748774
8359.262708
8502.290494
8788.430995
9357.039485
10487.374858
11161.345852
10212.564581
11107.291580
10641.977614
10445.063152
10346.011136
10169.176952
10052.487513
10049.623376
9915.363946
9941.469891
9735.183522
9717.400611
9600.165240
9545.471561
9568.571837
9588.344102
9498.321129
9529.740490
9478.403915
9483.568270
9475.659625
9494.412843
9509.270907
9496.604641
9484.912271
9477.951942
9449.654641
9436.478386
9427.603397
9435.340451
9449.712796
9445.333287
9434.167552
9448.057043
9447.193540
9458.273073
9460.291747
9466.443624
9466.756371
9475.189885
9470.535946
9469.185783
9452.632585
9452.331746
9211.118770
9106.606109
8892.477582
8784.415236
8722.118183
8678.614112
8645.403257
8618.731268
8596.570677
8577.690320
8561.289638
8546.826350
8533.921476
8522.302248
8511.766261
8502.158519
8493.356763
8485.262163
8477.792752
8470.879419
8464.462989
8458.492274
8452.922547
8447.714431
8442.833089
8438.247588
8433.930348
8429.856845
8426.005141
8422.355636
8418.890771
8415.594863
8412.453859
8409.455160
8406.587459
8403.840599
8401.205446
8398.673763
8396.238122
8393.891811
8391.628755
8389.443448
8387.330893
8385.286544
8383.306258
8381.386257
8379.523086
8377.713580
8375.954834
8374.244159
8372.579113
8370.957422
8369.376977
8367.835837
8366.332204
8364.864418
8363.430939
8362.030337
8360.661281
8359.322524
8358.012899
8356.731310
8355.476725
8354.248175
8353.044741
8351.865559
8350.709810
8349.576717
8348.465546
8347.375598
8346.306209
8345.256747
8344.226610
8343.215225
8342.222044
8341.246543
8340.288223
8339.346604
8338.421227
8337.511652
8336.617457
8335.738236
8334.873601
8334.023175
8333.186599
8332.363526
8331.553620
8330.756559
8329.972031
8329.199737
8328.439385
8327.690696
8326.953398
8326.227229
8325.511935
8324.807270
8324.112997
8323.428884
8322.754708
8322.090252
8321.435306
8320.789665
8320.153132
8319.525514
8318.906624
8318.296280
8317.694306
8317.100530
8316.514786
8315.936910
8315.366744
8314.804136
8314.248934
8313.700993
8313.160172
8312.626332
8312.099337
8311.579057
8311.065363
8310.558130
8310.057238
8309.562566
8309.073999
8308.591424
8308.114730
8307.643810
8307.178559
8306.718873
8306.264654
8305.815802
8305.372222
8304.933821
8304.500507
8304.072191
8303.648787
8303.230208
8302.816372
8302.407196
8302.002602
8301.602511
8301.206847
8300.815537
8300.428505
8300.045683
8299.666998
8299.292384
8298.921774
8298.555101
8298.192303
8297.833315
8297.478078
8296.080317
8295.242923
8294.646449
8294.163152
8293.739823
