8214.558760
8215.117520
8215.676281
8216.235041
8216.793801
8217.352561
8218.470082
8220.705122
8225.175204
8234.115366
8251.995690
8287.756332
8359.277595
8502.320040
8788.489637
9357.160955
10487.575246
11157.182176
10215.475085
11110.341331
10640.653279
10459.514040
11082.146076
10164.772601
10311.637604
9738.929279
9856.055192
9653.929265
9732.368052
9729.205980
9603.974041
9552.083591
9524.901391
9466.207225
9473.856408
9469.836241
9503.651491
9526.134969
9520.755813
9497.686225
9448.825138
9437.298784
9438.287888
9458.224668
9428.325999
9417.475365
9426.671134
9425.251332
9434.183648
9439.785709
9402.334970
9397.395573
9399.653588
9387.734045
9359.176728
9368.379773
9375.653237
9377.066117
9386.038294
9370.654315
9373.275359
9371.653580
9178.479002
9032.820427
8819.836994
8727.757200
8673.162180
8634.665841
8604.772789
8580.822097
8560.835118
8543.714390
8528.771203
