8214.558703
8215.117406
8215.676109
8216.234812
8216.793515
8217.352218
8218.469623
8220.704435
8225.174059
8234.113305
8251.991796
8287.748774
8359.262708
8502.290494
8788.430995
9357.039485
10487.374858
11161.345852
10212.564581
11107.291580
10641.977614
10445.063152
10346.011136
10169.176952
10052.487513
10049.623376
9915.363946
9941.469891
9735.183522
9616.055330
9477.220087
9373.928545
9316.743785
9292.973592
9252.765525
9237.508112
9226.980250
9199.595380
9181.748232
9175.019373
9167.620745
9169.981394
9169.502069
9166.772028
9163.561711
9166.760328
9169.577197
9174.958888
9183.205143
9193.642360
9208.530588
9225.503470
9243.708294
9262.970652
9282.960877
9303.297269
9318.695639
9336.122661
9356.458393
9375.623764
9388.558908
9408.870473
9415.601175
9434.924029
9453.508047
9473.428821
9482.682919
9502.094111
9502.319001
9520.309522
9528.331622
9540.151149
9527.987130
9519.640903
9535.884224
9545.126381
9517.949263
9515.994603
9472.827098
9160.381690
8816.684224
8686.808067
8620.213442
8576.371675
8544.258303
8519.271542
8499.064591
8482.282594
8468.069925
8455.847233
8445.201076
8435.825041
8427.485999
8420.003300
8413.235083
8407.068791
8401.414311
8396.198907
8391.363463
8386.859437
8382.646748
8378.692060
8374.967465
8371.449428
8368.117950
8364.955911
8361.948544
8359.083025
8356.348145
8353.734038
8351.231975
8348.834187
8346.533721
8344.324326
8342.200353
8340.156679
8338.188634
8336.291949
8334.462705
8332.697295
8330.992387
8329.344896
8327.751957
8326.210905
8324.719252
8323.274674
8321.874995
8320.518175
8319.202295
8317.294576
8315.849258
8314.558241
8313.343574
8312.180818
