8214.558540
8215.117081
8215.675621
8216.234162
8216.792702
8217.351242
8218.468323
8220.702485
8225.170807
8234.107453
8251.980742
8287.727316
8359.220444
8502.357412
8788.463431
9361.054425
10509.393385
13401.093353
9521.616875
9888.323973
10633.417536
11165.633094
10594.248901
10384.394937
9950.115510
9963.190470
9719.978991
9680.844357
9603.935919
9591.931396
9539.316364
9538.059011
9515.126473
9435.093219
9421.232795
9436.032379
9438.816585
9442.727640
9419.490279
9436.436049
9413.226200
9396.572406
9412.336038
9399.082592
9390.846633
9363.445442
9369.717736
9355.176641
9347.930204
9352.221809
9350.861802
9346.944532
9337.682582
9343.548856
9352.938955
9348.999663
9354.314239
9358.274231
9364.821077
9361.411612
9306.179284
9268.951888
9239.562138
9215.167436
9195.029637
9175.906751
9158.601820
9142.548455
9127.248911
9112.542549
9098.070236
9082.926093
9067.725877
9055.749652
9031.065252
8994.443595
8953.379674
8909.062864
8869.732664
8837.660373
8811.149589
8786.066347
8764.139900
8744.544129
8727.238970
8711.869912
8698.076616
8685.562878
8674.103066
8663.527914
8653.708312
8644.543467
8635.952847
8627.870750
8620.242615
8613.022450
8606.171001
8599.654416
8593.443238
8587.511642
8581.836842
8576.398619
8571.178944
8566.161668
8561.332274
8556.677668
8552.185998
8547.846512
8543.649430
8539.585834
8535.647576
8531.827198
8528.117862
8524.513284
8521.007684
8517.595736
8514.272526
8511.033512
8507.874493
8504.791574
8501.781144
8498.839849
8495.964568
8493.152396
8490.400623
8487.706722
8485.068327
8482.483228
8479.949352
8477.464754
8475.027608
8472.636196
8470.288902
8467.984201
8465.720653
8463.496899
8461.311652
8459.163693
8457.051866
8454.975074
8452.932273
8450.922471
8448.944721
8446.998123
8445.081815
8443.194973
8441.336812
8439.506578
8437.703548
8435.927030
8434.176360
8432.450897
8430.750027
8429.073161
8427.419727
8425.789177
8424.180982
8422.594631
8421.029631
8419.485506
8417.961794
8416.458050
8414.973844
8413.508756
8412.062382
8410.634332
8409.224223
8407.831688
8406.456369
8405.097917
8403.755997
8402.430281
8401.120449
8399.826192
8398.547210
8397.283210
8396.033907
8394.799024
8393.578292
8392.371447
8391.178235
8389.998406
8388.831718
8387.677934
8386.536824
8385.408164
8384.291735
8383.187323
8382.094719
8381.013722
8379.944133
8378.885759
8377.838411
8376.801905
8375.776061
8374.760704
8373.755663
8372.760770
8371.775862
8370.800779
8369.835365
8368.879468
8367.932939
8366.995632
8366.067406
8365.148120
8364.237640
8363.335831
8362.442565
8361.557713
8359.230953
8357.476222
8356.063687
8354.857376
8353.779994
