8214.558545
8215.117090
8215.675635
8216.234180
8216.792725
8217.351269
8218.468358
8220.702536
8225.170893
8234.107606
8251.981030
8287.727873
8359.221539
8502.208789
8788.182958
9360.129974
10504.335098
12791.738671
15487.387446
12989.694163
13227.455556
13190.647004
13062.603892
12809.827543
12614.939563
12342.708588
12148.586912
11902.525235
11734.432088
11536.485516
11347.052042
11231.828042
11187.628213
11186.177737
11204.376245
11244.976058
11292.762104
11335.899822
11361.156636
11380.801294
11350.595884
11288.268992
11251.208385
11251.581272
11273.886661
11392.363158
11772.850053
12001.637040
12896.830460
11464.404412
11474.699954
11594.751422
11862.848752
11350.224919
11405.651136
11440.773979
11260.384418
11179.391610
11137.087857
11146.846273
11162.201894
11101.092726
11102.889342
11016.651128
11006.110419
11016.431900
10996.397067
10962.834274
10933.513177
10921.177060
10908.638053
10884.502422
10866.356402
10853.486212
10821.288527
10799.452971
10787.519177
10772.877133
10759.408318
10750.205889
10737.447765
10730.092540
10723.467006
10720.521943
10717.250663
10716.612805
10716.944156
10716.197773
10719.570313
10714.366085
10714.163939
10715.417689
10715.979532
10714.112731
10718.988892
10717.426793
10717.159776
10716.546843
10718.588063
10719.388212
10719.189027
10719.371284
10716.350674
10722.264995
10722.565473
10721.282813
10719.765500
10722.644478
10723.398131
10723.533598
10722.622202
10723.487591
10723.633371
10723.713947
10723.776385
10721.167101
10725.364101
10726.047691
10725.811689
10723.399680
10724.093992
10724.052698
10723.835235
10723.375948
10722.990610
10722.880552
10722.675266
10722.300692
10721.432169
10722.043866
10721.755292
10721.442220
10720.879043
10720.988299
10720.705863
10720.401401
10719.892758
10709.484890
10730.016098
10717.882403
10716.321236
10715.585878
10714.939355
10711.454816
10707.433652
10711.154312
10712.807174
10710.627890
10710.219912
10711.008837
10711.075684
10711.026312
10711.099134
10714.259641
10711.741207
10711.194930
10711.744868
10710.777376
10712.197886
10711.610678
10711.456150
10711.432286
10711.706037
10711.585034
10711.565062
10711.684826
10710.787908
10711.922750
10712.237819
10712.495272
10711.320524
10712.442039
10712.448270
10712.302318
10711.925054
10704.479606
10712.389122
10715.262751
10715.397279
10714.757912
10711.002432
10714.271071
10713.813901
10713.313629
10712.553814
10713.591885
10713.441702
10713.266578
10712.926262
10713.313929
10714.465664
10714.133327
10713.943925
10713.537181
10713.564126
10714.608910
10714.034503
10713.697195
10713.311297
10713.371307
10715.193872
10714.730201
10714.178967
10713.255804
10712.227451
10713.679848
10713.348559
10713.042719
10712.461971
10712.576762
10713.725880
10712.995944
10712.528730
10712.824405
10713.403633
10713.003025
10712.754819
10712.333140
10712.912452
10714.323513
10713.943907
10713.631178
10712.963584
10712.452707
10657.871908
10631.667441
10620.156081
10612.756742
10580.003793
10558.652017
10568.658706
10561.712522
10553.965890
10544.321998
10533.938321
10527.840526
10522.453557
10517.699741
10513.456078
10509.645701
10506.210979
10503.098244
10500.268925
10497.433070
10495.026873
10486.362507
10482.873871
10478.853290
10475.079068
10471.558804
10468.277226
10465.212210
10462.343118
10459.649611
10457.109780
10454.714831
10452.448391
10450.298266
10448.254112
10446.306928
10444.448699
10442.672510
10440.972111
10439.341863
10437.776720
10436.272153
10434.824068
10433.428733
10432.082810
10430.783244
10429.527194
10428.312081
10427.135547
10425.995408
10424.889652
10423.816424
10422.774013
10421.760831
10420.775406
10419.816369
10418.882446
10417.972448
10417.085265
10416.219861
10415.375262
10414.550560
10413.744899
10412.957477
10412.187539
10411.434375
10410.697315
10409.975727
10409.269015
10408.576616
10407.898044
10407.232675
10406.577346
10405.936559
10405.307616
10404.689809
10404.082664
10403.485833
10402.899029
10402.322000
10401.754311
10401.196140
10400.647020
10400.106721
10399.575014
10399.051680
10398.536501
10398.029265
10397.529764
10397.037792
10396.532793
10396.040229
10395.555269
10395.078019
10394.608478
10394.146529
10393.691979
10393.244594
10392.804122
10392.370308
10391.942900
10391.521654
10391.106339
10390.696731
10390.292621
10389.893809
10389.507229
10389.138448
10388.777391
10388.422129
10388.071751
10387.725430
10387.382642
10387.043029
10386.706348
10386.372427
10386.041148
10385.712424
10385.386192
10385.062403
10384.741017
10384.427565
10384.130436
10383.832966
10383.533202
10383.234714
10382.937648
10382.642114
10382.348192
10382.055943
10381.765411
10381.476267
10381.188947
10380.903419
10380.619687
10380.337751
10380.057605
10379.779242
10379.502651
10379.227817
10378.954726
10378.683359
10378.413698
10378.145723
10377.879412
10377.614132
10377.349669
10377.087923
10376.827415
10376.568147
10376.310556
10376.054593
10375.800127
10375.547234
10375.509820
10375.246082
10374.988110
10374.734023
10374.482821
10374.233940
10373.987040
10373.741905
10373.498388
10373.256386
10373.015824
10372.776641
10372.538790
10372.302229
10372.066925
10371.832846
10371.599965
10371.368255
10371.137691
10370.908252
10370.679915
10370.452658
10370.226462
10370.001307
10369.777173
10369.554042
10369.331897
10369.110719
10368.890491
10368.671196
10368.452819
10368.235342
10368.018751
10367.803030
10367.588163
10367.374138
10367.160937
10366.948548
10366.736956
10366.526148
10366.316111
10366.106831
10365.898295
10365.690490
10365.483405
10365.277107
10365.071463
10364.866500
10364.662208
10364.458575
10364.255589
10364.053231
10363.851504
10363.650393
10363.449886
10363.249975
10363.050648
10362.851896
10362.653708
10362.456076
10362.258989
10362.062438
10361.866414
10361.670893
10361.475888
10361.281383
10361.087369
10360.893837
10360.700780
10360.508188
10360.316053
10360.124367
10359.933122
10359.742310
10359.551923
10359.361953
10359.172399
10358.983245
10358.794484
10358.606111
10358.418118
10358.230497
10358.043242
10357.856345
10357.669800
10357.483599
10357.297735
10357.112203
10356.926995
10356.742104
10356.557525
10356.373250
10356.189274
10356.005589
10355.822190
10355.639071
10355.456228
10355.273651
10355.091335
10354.909275
10354.727464
10354.545897
10354.364567
10354.183469
10354.002597
10353.821945
10353.641509
10353.461282
10353.281259
10353.101435
10352.921804
10352.742360
10352.563098
10352.384014
10352.205102
10352.026356
10351.847771
10351.669343
10351.491066
10351.312935
10351.134946
10350.957092
10350.779370
10350.601774
10350.424299
10350.246781
10350.069414
10349.892171
10349.715031
10349.537989
10349.361040
10349.184180
10349.007406
10348.830711
10348.654092
10348.477544
10348.301063
10348.124639
10347.948275
10347.771963
10347.595699
10347.419478
10347.243297
10347.067151
10346.891035
10346.715048
10346.539035
10346.363034
10346.187039
10346.010570
10345.834321
10345.658079
10345.481841
10345.305598
10345.129344
10344.953073
10344.776780
10344.600461
10344.424111
10344.247725
10344.071300
10343.894810
10343.717491
10343.540593
10343.363668
10343.186829
10343.009858
10342.832851
10342.655787
10342.478658
10342.301459
10342.124183
10341.946826
10341.769380
10341.591842
10341.414207
10341.236470
10341.058626
10340.880517
10340.702359
10340.524087
10340.345698
10340.167186
10339.988545
10339.809772
10339.630863
10339.451812
10339.272617
10339.093273
10338.913778
10338.734127
10338.554318
10338.374032
10338.193667
10338.013123
10337.832394
10337.651471
10337.470361
10337.289063
10337.107577
10334.344505
10331.609710
10328.906552
10326.237595
10323.604823
