0.001000
0.002000
0.003000
0.004000
0.005000
0.006000
0.008000
0.012000
0.020000
0.036000
0.068000
0.132000
0.260000
0.516000
1.028000
2.052000
4.100000
6.148000
8.196000
8.196205
8.196307
8.196410
8.196614
8.197024
8.197434
8.198253
8.199072
8.200710
8.202349
8.205626
8.212179
8.225286
8.251501
8.303930
8.408787
8.618502
8.828218
9.037933
9.247648
9.457363
9.667078
9.876794
10.086509
10.296224
10.505939
10.925370
11.764230
13.441952
15.119674
16.797395
18.475117
20.152838
21.830560
23.508282
25.186003
26.863725
28.541446
30.219168
31.896890
33.574611
35.252333
36.930054
37.097827
37.114604
37.116281
37.117959
37.121315
37.128026
37.141447
37.148158
37.154869
37.168291
37.181713
37.195134
37.221978
37.248822
37.275665
37.329352
37.383039
37.436726
37.544101
37.651475
37.866223
38.080971
38.123921
38.166871
38.252770
38.424569
38.768166
38.836886
38.905605
39.043044
39.317922
39.867678
39.977629
40.087580
40.307482
40.747287
40.835248
40.923209
41.099131
41.450975
42.154662
42.295399
42.436137
42.717612
43.280562
43.393152
43.505742
43.730922
44.181282
44.271354
44.361426
44.541570
44.901858
45.622434
45.766549
45.910664
46.198894
46.775355
46.890647
47.005940
47.236524
47.697692
47.789926
47.882160
48.066627
48.435562
49.173432
49.321006
49.468580
49.763728
50.354024
50.472083
50.590142
50.826260
51.298497
52.242970
53.187443
53.281891
53.376338
53.565233
53.943022
54.698601
55.454179
55.605295
55.756411
56.058642
56.663105
56.783998
56.904890
57.146676
57.630246
58.597386
58.790815
58.984243
59.371099
60.144812
60.299554
60.454297
60.763782
61.382752
61.506546
61.630340
61.877928
62.373104
63.363456
63.561526
63.759596
64.155737
64.948019
65.106475
65.264932
65.581844
66.215670
67.483320
67.610085
67.736850
67.990380
68.497441
69.511561
69.714385
69.917209
70.322857
71.134154
71.296413
71.458672
71.783191
72.432228
73.730302
73.860110
73.989917
74.249532
74.768762
75.807221
76.014913
76.222605
76.637988
77.468756
79.130291
79.296444
79.462598
79.794905
80.459519
81.788747
81.921670
82.054593
82.320438
82.852129
83.915512
84.128188
84.340865
84.766218
85.616924
85.787065
85.957206
86.297488
86.978053
88.339183
88.475295
88.611408
88.883634
89.428086
90.000000
90.200000
90.400000
90.600000
90.800000
92.800000
94.800000
96.800000
98.800000
100.800000
102.800000
104.800000
106.800000
108.800000
110.800000
112.800000
114.800000
116.800000
118.800000
120.800000
122.800000
124.800000
126.800000
128.800000
130.800000
132.800000
134.800000
136.800000
138.800000
140.800000
142.800000
144.800000
146.800000
148.800000
150.800000
152.800000
154.800000
156.800000
158.800000
160.800000
162.800000
164.800000
166.800000
168.800000
170.800000
172.800000
174.800000
176.800000
178.800000
180.800000
182.800000
184.800000
186.800000
188.800000
190.800000
192.800000
194.800000
196.800000
198.800000
200.800000
202.800000
204.800000
206.800000
208.800000
210.800000
212.800000
214.800000
216.800000
218.800000
220.800000
222.800000
224.800000
226.800000
228.800000
230.800000
232.800000
234.800000
236.800000
238.800000
240.800000
242.800000
244.800000
246.800000
248.800000
250.800000
252.800000
254.800000
256.800000
258.800000
260.800000
262.800000
264.800000
266.800000
268.800000
270.800000
272.800000
274.800000
276.800000
278.800000
280.800000
282.800000
284.800000
286.800000
288.800000
290.800000
292.800000
294.800000
296.800000
298.800000
300.800000
302.800000
304.800000
306.800000
308.800000
310.800000
312.800000
314.800000
316.800000
318.800000
320.800000
322.800000
324.800000
326.800000
328.800000
330.800000
332.800000
334.800000
336.800000
338.800000
340.800000
342.800000
344.800000
346.800000
348.800000
350.800000
352.800000
354.800000
356.800000
358.800000
360.800000
362.800000
364.800000
366.800000
368.800000
370.800000
372.800000
374.800000
376.800000
378.800000
380.800000
382.800000
384.800000
386.800000
388.800000
390.800000
392.800000
394.800000
396.800000
398.800000
400.800000
402.800000
404.800000
406.800000
408.800000
410.800000
412.800000
414.800000
416.800000
418.800000
420.800000
422.800000
424.800000
426.800000
428.800000
430.800000
432.800000
434.800000
436.800000
438.800000
440.800000
442.800000
444.800000
446.800000
448.800000
450.800000
452.800000
454.800000
456.800000
458.800000
460.800000
462.800000
464.800000
466.800000
468.800000
470.800000
472.800000
474.800000
476.800000
478.800000
480.800000
482.800000
484.800000
486.800000
488.800000
490.800000
492.800000
494.800000
496.800000
498.800000
500.800000
502.800000
504.800000
506.800000
508.800000
510.800000
512.800000
514.800000
516.800000
518.800000
520.800000
522.800000
524.800000
526.800000
528.800000
530.800000
532.800000
534.800000
536.800000
538.800000
540.800000
542.800000
544.800000
546.800000
548.800000
550.800000
552.800000
554.800000
556.800000
558.800000
560.800000
562.800000
564.800000
566.800000
568.800000
570.800000
572.800000
574.800000
576.800000
578.800000
580.800000
582.800000
584.800000
586.800000
588.800000
590.800000
592.800000
594.800000
596.800000
598.800000
600.800000
602.800000
604.800000
606.800000
608.800000
610.800000
612.800000
614.800000
616.800000
618.800000
620.800000
622.800000
624.800000
626.800000
628.800000
630.800000
632.800000
634.800000
636.800000
638.800000
640.800000
642.800000
644.800000
646.800000
648.800000
650.800000
652.800000
654.800000
656.800000
658.800000
660.800000
662.800000
664.800000
666.800000
668.800000
670.800000
672.800000
674.800000
676.800000
678.800000
680.800000
682.800000
684.800000
686.800000
688.800000
690.800000
692.800000
694.800000
696.800000
698.800000
700.800000
702.800000
704.800000
706.800000
708.800000
710.800000
712.800000
714.800000
716.800000
718.800000
720.800000
722.800000
724.800000
726.800000
728.800000
730.800000
732.800000
734.800000
736.800000
738.800000
740.800000
742.800000
744.800000
746.800000
748.800000
750.800000
752.800000
754.800000
756.800000
758.800000
760.800000
762.800000
764.800000
766.800000
768.800000
770.800000
772.800000
774.800000
776.800000
778.800000
780.800000
782.800000
784.800000
786.800000
788.800000
790.800000
792.800000
794.800000
796.800000
798.800000
800.800000
