8214.558703
8215.117406
8215.676109
8216.234812
8216.793515
8217.352218
8218.469623
8220.704435
8225.174059
8234.113305
8251.991796
8287.748774
8359.262708
8502.290494
8788.430995
9357.039485
10487.374858
11161.345852
10212.564581
11107.291580
10641.977614
10445.063152
10346.011136
10169.176952
10052.487513
10049.623376
9915.363946
9941.469891
9735.183522
9616.055330
9477.220087
9373.928545
9316.743785
9292.973592
9252.765525
9237.508112
9226.980250
9199.595380
9181.748232
9175.019373
9167.620745
9169.981394
9169.502069
9166.772028
9163.561711
9166.760328
9169.577197
9174.958888
9183.205143
9193.642360
9208.530588
9225.503470
9243.708294
9262.970652
9282.960877
9303.297269
9318.695639
9336.122661
9356.458393
9375.623764
9388.558908
9408.870473
9415.601175
9434.924029
9453.508047
9473.428821
9482.682919
9502.094111
9502.319001
9520.309522
9528.331622
9540.151149
9527.987130
9519.640903
9535.884224
9545.126381
9517.949263
9515.994603
9472.827098
9480.024502
9475.437668
9451.317610
9448.743067
9442.036674
9437.317227
9434.472926
9423.989531
9422.394177
9420.376755
9396.472548
9376.193713
9359.493668
9345.195695
9331.556694
9319.387153
9309.012825
9300.214488
9292.632505
9286.008423
9280.154812
9274.932003
9270.081202
9265.683433
9261.693929
9258.034112
9254.683353
9251.594137
9248.732991
9246.072165
9243.588390
9241.261976
9239.076123
9237.016392
9235.070294
9233.226956
9231.476862
9229.808696
9228.216973
9226.695916
9225.239977
9223.844036
9222.503433
9221.213944
9219.971743
9218.773362
9217.615653
9216.495751
9215.411047
9214.354551
9213.328267
9212.330656
9211.359978
9210.414586
9209.492942
9208.593620
9207.715295
9206.856743
9206.016828
9205.194499
9204.388780
9203.598763
9202.823621
9202.062534
9201.314780
9200.579685
9199.856619
9199.144992
9198.444253
9197.753886
9197.073409
9196.402366
9195.740335
9195.086919
9194.441744
9193.801025
9193.167155
9192.540658
9191.921183
9191.308290
9190.701864
9190.101678
9189.507507
9188.919137
9188.336360
9187.753280
9187.176410
9186.604952
9186.038490
9185.473451
9184.913772
9184.358840
9183.808336
9183.262094
9182.691768
9182.132862
9181.569471
9181.011206
9180.455882
9179.903424
9179.353795
9178.801390
9178.252231
9177.705869
9177.162206
9176.621189
9176.082774
9175.546920
9175.013588
9174.482738
9173.954333
9173.428336
9172.904713
9172.383429
9171.859410
9171.338334
9170.819935
9170.303445
9169.789348
9169.277423
9168.767640
9168.259972
9167.754393
9167.250876
9166.749395
9166.249924
9165.752439
9165.256915
9164.763330
9164.271658
9163.781877
9163.293966
9162.807900
9162.323658
9161.841219
9161.360560
9160.881659
9160.396680
9159.915158
9159.436509
9158.959549
9158.484123
9158.010193
9157.538023
9157.067465
9156.598495
9156.131092
9155.665342
9155.201095
9154.738331
9154.269394
9153.805917
9153.344336
9152.884330
9152.425802
