8214.558552
8215.117103
8215.675655
8216.234206
8216.792758
8217.351309
8218.468412
8220.702619
8225.171031
8234.107855
8251.981502
8287.728791
8359.223348
8502.212380
8788.190115
9360.144268
10504.050497
12760.259230
15420.267536
13762.568892
11878.756426
13105.892117
13516.793584
11777.013884
11405.119397
11429.511662
11307.083373
11383.000375
11180.112725
11178.498780
11182.730153
11157.960746
11107.745213
10985.814725
10902.853210
10859.076713
10841.552499
10832.610683
10822.247069
10807.944895
10799.672058
10783.709648
10768.889755
10759.686784
10752.590553
10749.443200
10747.183525
10752.051717
10752.984233
10754.496361
10755.615473
10759.046463
10761.133487
10764.282882
10772.235510
10773.545158
10776.297598
10776.289257
10783.066883
10789.450127
10791.765715
10793.726375
10785.187016
10771.669724
10765.607058
10760.754618
10759.081811
10756.638261
10755.802733
10755.593410
10754.233197
10752.523255
10752.090131
10752.071723
10752.138159
10752.974821
10753.086491
10753.363781
10753.789554
10754.634862
10751.518891
10753.033666
10756.260334
10760.429789
10761.113695
10762.030870
10763.728137
10765.823325
10766.450709
10766.912064
10767.213888
10770.564071
10771.301337
10771.038894
10769.347873
10767.335567
10764.903341
10762.066543
10760.529498
10761.537849
10761.082582
10760.984929
10761.841434
10762.992809
10764.392643
10765.964758
10767.613071
10769.303383
10771.168227
10773.040069
10774.596648
10715.739639
10685.981590
10671.952807
10662.377440
10645.395579
10642.065782
10647.324218
10657.498652
10664.828637
10669.853418
10672.883618
10674.678982
10675.490413
10674.928109
10674.295979
10673.475034
10671.867477
10670.711926
10669.524205
10668.107946
10666.719707
10665.317788
10663.908614
10662.487398
10661.079542
10659.691817
10658.334814
10657.011466
10655.721005
10654.361132
10652.978184
10651.696805
10650.494793
10649.353559
10648.260345
10647.207002
10646.188409
10645.201393
10644.243752
10643.313878
10642.410489
10641.532486
10640.678884
10639.848770
10639.041284
10638.255608
10637.490960
10636.746590
10636.021782
10635.315844
10634.628117
10633.957965
10633.304780
10632.667976
10632.046994
10631.441293
10630.850359
10630.273694
10629.710807
10629.161261
10628.624614
10628.100445
10627.588347
10627.087932
10626.598826
10626.120668
10625.653114
10625.195832
10624.748501
10624.310815
10623.882478
10623.463205
10623.052723
10622.650767
10622.257085
10621.871431
10621.493569
10621.123274
10620.760325
10620.404513
10620.055633
10619.713491
10619.377895
10619.048665
10618.725624
10618.408601
10618.099663
10617.796001
10617.496335
10617.201533
10616.911616
10616.626513
10616.346143
10616.070420
10615.799257
10615.532564
10615.270249
10615.012222
10614.758392
10614.508668
10614.262962
10614.021185
10613.783250
10613.549072
10613.318639
10613.091748
10612.868356
10612.648391
10612.431777
10612.218440
10612.008308
10611.801310
10611.597378
10611.396445
10611.198444
10611.003313
10610.810989
10610.621411
10610.434521
10610.250260
10610.068574
10609.891010
10609.712821
10609.535602
10609.359745
10609.185490
10609.013011
10608.842417
10608.673780
10608.507145
10608.342534
10608.179954
10608.019401
10607.860860
10607.704313
10607.549738
10607.397106
10607.246389
10607.097557
10606.950577
10606.805419
10606.662050
10606.520437
10606.380549
10606.242354
10606.105820
10605.971227
10605.838022
10605.706336
10605.576156
10605.447461
10605.217747
10605.015129
10604.814874
10604.615881
10604.418374
