8219.583853
8225.167705
8230.751558
8236.335410
8241.919262
8247.503114
8258.670818
8281.006223
8325.677026
8415.018599
8593.701617
8951.067140
9665.796132
10380.515456
11710.072996
13131.781717
13137.931437
12532.967314
12550.203643
12574.381220
12597.579206
12595.845434
12578.676552
12555.352145
12500.121844
12447.839544
12400.107480
12319.747283
12252.664040
12195.566661
12107.619981
12036.771034
11977.507679
11887.301977
11814.462512
11752.492744
11653.334697
11568.252870
11421.316455
11286.122182
11223.792959
11113.970393
11035.653620
10997.840725
11018.143395
11072.614137
11121.872018
11161.154905
11191.954768
11220.147797
11247.541662
11274.619567
11303.949503
11357.177861
11377.387652
11394.175823
11406.015170
11407.148112
11388.568557
11347.371150
11296.860132
11258.995274
11242.670852
11243.869812
11279.393104
11458.311349
11506.377484
11829.486080
12841.328430
11889.035932
11876.092888
11784.960273
12143.547808
11514.222039
11509.518573
11550.749780
11297.939699
11197.894977
11249.581585
11074.108987
11148.464665
11124.738444
11119.846982
11181.975058
11200.800941
11173.381013
11162.319608
11139.101766
11095.525362
11087.447901
11038.694877
11052.988939
11066.796262
11055.627118
11043.155634
11070.964556
11085.671936
11063.085127
11057.445153
11082.179231
11038.713068
11048.935446
11058.054308
11079.282478
11062.885107
11065.841169
11025.261703
11040.953357
11024.027216
11030.509458
11015.436715
10992.849693
11005.703710
10999.123927
10992.250149
10976.228227
10978.751694
10966.882771
10823.375493
10731.869366
10669.601476
10374.813434
10003.005922
9792.064074
9674.805511
9609.960891
9574.053422
9554.002867
9542.606228
9535.921995
9531.799443
9529.065231
9527.077831
9525.484808
9524.091005
9522.787073
9521.510719
9520.225673
9518.910249
9517.551093
9516.139743
9514.670717
9513.140431
9511.546573
9509.887730
9508.163154
9506.372612
9504.516277
9502.594656
9500.608529
9498.558906
9496.446988
9494.274134
9492.041843
9489.751721
9487.405470
9485.004867
9482.551751
9480.048010
9477.495569
9474.896380
9472.252414
9469.565650
9466.838074
9464.071665
9461.268395
9458.430222
9455.559086
9452.656903
9449.725565
9446.766933
9443.782838
9440.775075
9437.745406
9434.695552
9431.627196
9428.541980
9425.441504
9422.327328
9419.200966
9416.063890
9412.917527
9409.763264
9406.602440
9403.436351
9400.266253
9397.093355
9393.918825
9390.743788
9387.569330
9384.396493
9381.226280
9378.059654
9374.897541
9371.740826
9368.590359
9365.446953
9362.311385
9359.184400
9356.066704
9352.958977
9349.861860
9346.775969
9343.701887
9340.640167
9337.591335
9334.555889
9331.534302
9328.527018
9325.534459
9322.557021
9319.595078
9316.648981
9313.719059
9310.805620
9307.908953
9305.029325
9302.166988
9299.322173
9296.495095
9293.685951
9290.894923
9288.122177
9285.367865
9282.632125
9279.915080
9277.216840
9274.537504
9271.877157
9269.235874
9266.613718
9264.010743
9261.426991
9258.862494
9256.317278
9253.791357
9251.284737
9248.797418
9246.329390
9243.880637
9241.451136
9239.040856
9236.649763
9234.277813
9231.924959
9229.591147
9227.276320
9224.980414
9222.703362
9220.445091
9218.205526
9215.984585
9213.782186
9211.598242
9209.432661
9207.285351
9205.156216
9203.045155
9200.952068
9198.876851
9196.819398
9194.779601
9192.757349
9190.752532
9188.765035
9186.794745
9184.841543
9182.905315
9179.668264
9177.042538
9174.748493
9172.635784
9170.627950
