8214.558703
8215.117406
8215.676109
8216.234812
8216.793515
8217.352218
8218.469623
8220.704435
8225.174059
8234.113305
8251.991796
8287.748774
8359.262708
8502.290494
8788.430995
9357.039485
10487.374858
11161.345852
10212.564581
11107.291580
10641.977614
10445.063152
10346.011136
10169.176952
10052.487513
10049.623376
9915.363946
9941.469891
9735.183522
9596.700974
9469.807896
9369.882748
9314.706438
9280.382408
9268.082705
9248.166624
9233.194537
9211.998287
9199.919281
9183.027126
9175.338762
9167.749520
9169.874483
9169.431268
9170.110443
9168.984154
9166.677626
9169.331541
9174.239966
9182.095425
9192.056204
9206.633618
9223.401618
9241.472044
9260.587337
9280.435054
9299.801120
9313.785634
9333.409240
9353.835189
9374.022422
9386.018802
9406.413251
9426.163505
9433.454422
9451.139953
9460.737187
9473.303993
9492.250946
9500.083449
9518.652877
9525.770120
9511.492952
9508.801178
9524.642517
9515.464932
9524.656011
9499.704030
9499.136908
9494.861334
9471.531258
9458.115521
9454.645747
9441.868674
9438.210891
9434.491872
9431.184441
9429.878968
9407.197751
9383.985370
9366.325644
9351.739372
9338.801544
9325.046410
9313.869124
9304.276219
9296.007698
9287.937994
9278.453684
9264.945321
9256.555257
9249.916606
9244.259063
9239.340703
9234.931900
9230.863086
9225.154112
9220.318309
9213.233451
9208.344181
9204.640176
9201.808576
9199.589367
9197.816412
9196.370215
9195.163584
9194.132802
9193.231313
9192.425095
9191.689273
9191.005639
9190.357693
9189.738421
9189.140978
9188.560100
9187.991848
9187.433115
9186.881878
9186.336489
9185.795703
9185.258588
9184.721184
9184.185988
9183.652837
9183.121456
9182.591621
9182.061093
9181.531807
9181.003707
9180.476679
9179.950650
9179.425561
9178.901365
9178.378026
9177.855515
9177.333811
9176.812896
9176.292757
9175.773383
9175.254767
9174.736902
9174.219785
9173.703411
9173.187778
9172.672886
9172.158732
9171.645317
9171.132640
9170.611289
9170.092243
9169.562502
9169.039495
9168.517346
9167.990778
9167.463951
9166.938521
9166.413677
9165.887516
9165.362274
9164.826480
9164.290958
9163.755869
9163.221391
9162.687596
9162.154521
9161.622185
9161.090603
9160.559789
9160.029751
9159.500499
9158.960553
9158.427890
9157.896650
9157.366105
9156.836033
9156.307024
9155.778893
9155.243559
9154.711492
9154.180787
9153.651090
9153.122342
9152.594515
9152.067599
9151.541585
9151.016469
9150.492249
9149.968922
9149.446488
9148.924947
9148.404300
9147.884548
9147.365695
9146.847741
9146.330692
9145.814550
9145.299319
9144.785003
9144.271607
9143.759135
9143.247593
9142.736986
9142.227318
9141.718595
9141.210823
9140.704007
9140.198152
9139.693264
9139.189347
9138.686408
9138.172206
9137.663253
9137.157395
9136.652651
9136.148966
9135.646345
9135.144784
9134.644280
9134.144618
9133.646101
9133.138846
9132.638366
9132.139732
9131.642466
9131.146413
