8214.558545
8215.117090
8215.675635
8216.234180
8216.792725
8217.351269
8218.468358
8220.702536
8225.170893
8234.107606
8251.981030
8287.727873
8359.221539
8502.208789
8788.182958
9360.129974
10504.335098
12791.738671
15487.387446
12989.694163
13227.455556
13190.647004
13062.603892
12809.827543
12614.939563
12342.708588
12148.586912
11902.525235
11734.432088
11536.485516
11347.052042
11231.828042
11187.628213
11186.177737
11204.376245
11244.976058
11292.762104
11335.899822
11361.156636
11380.801294
11350.595884
11288.268992
11251.208385
11251.581272
11273.886661
11392.363158
11772.850053
12001.637040
12896.830460
11464.404412
11474.699954
11594.751422
11862.848752
11350.224919
11405.651136
11440.773979
11260.384418
11179.391610
11137.087857
11146.846273
11162.201894
11101.092726
11102.889342
11016.651128
11006.110419
11016.431900
10996.397067
10962.834274
10933.513177
10921.177060
10908.638053
10884.502422
10866.356402
10853.486212
10821.288527
10799.452971
10787.519177
10772.877133
10759.408318
10750.205889
10737.447765
10730.092540
10723.467006
10720.521943
10717.250663
10716.612805
10716.944156
10716.197773
10719.570313
10714.366085
10714.163939
10715.417689
10715.979532
10714.112731
10718.988892
10717.426793
10717.159776
10716.546843
10718.588063
10719.388212
10719.189027
10719.371284
10716.350674
10722.264995
10722.565473
10721.282813
10719.765500
10722.644478
10723.398131
10723.533598
10722.622202
10723.487591
10723.633371
10723.713947
10723.776385
10721.167101
10725.364101
10726.047691
10725.811689
10723.399680
10724.093992
10724.052698
10723.835235
10723.375948
10722.990610
10722.880552
10722.675266
10722.300692
10721.432169
10722.043866
10721.755292
10721.442220
10720.879043
10720.988299
10720.705863
10720.401401
10719.892758
10709.484890
10730.016098
10717.882403
10716.321236
10715.585878
10714.939355
10711.454816
10707.433652
10711.154312
10712.807174
10710.627890
10710.219912
10711.008837
10711.075684
10711.026312
10711.099134
10714.259641
10711.741207
10711.194930
10711.744868
10710.777376
10712.197886
10711.610678
10711.456150
10711.432286
10711.706037
10711.585034
10711.565062
10711.684826
10710.787908
10711.922750
10712.237819
10712.495272
10711.320524
10712.442039
10712.448270
10712.302318
10711.925054
10704.479606
10712.389122
10715.262751
10715.397279
10714.757912
10711.002432
10714.271071
10713.813901
10713.313629
10712.553814
10713.591885
10713.441702
10713.266578
10712.926262
10713.313929
10714.465664
10714.133327
10713.943925
10713.537181
10713.564126
10714.608910
10714.034503
10713.697195
10713.311297
10713.371307
10715.193872
10714.730201
10714.178967
10713.255804
10712.227451
10713.679848
10713.348559
10713.042719
10712.461971
10712.576762
10713.725880
10712.995944
10712.528730
10712.824405
10713.403633
10713.003025
10712.754819
10712.333140
10712.912452
10714.323513
10713.943907
10713.631178
10712.963584
10712.452707
10657.871908
10631.667672
10620.156795
10612.757986
10580.011908
10558.650225
10568.680009
10561.734611
10553.988211
10544.371167
10534.036809
10527.929904
10522.549572
10517.805348
10513.572402
10509.772715
10506.348327
10503.245506
10500.425615
10497.611876
10495.209233
10486.905546
10483.323661
10479.336384
10475.587579
10472.088628
10468.826501
10465.780983
10462.930002
10460.255116
10457.735441
10455.359030
10453.111507
10450.980643
10448.955959
10447.028363
10445.189819
10443.433344
10441.752682
10440.142209
10438.596879
10437.112159
10435.683954
10434.308539
10432.982554
10431.702938
10430.466875
10429.271771
10428.115263
10426.995183
10425.909515
10424.856398
10423.834115
10422.841074
10421.875800
10420.936923
10420.023164
10419.133332
10418.266315
10417.421074
10416.596633
10415.792079
10415.006556
10414.239257
10413.489425
10412.756346
10412.039348
10411.337796
10410.651090
10409.978664
10409.320024
10408.674556
10408.041821
10407.421373
10406.812783
10406.215641
10405.627184
10405.051265
10404.485690
10403.929820
10403.383230
10402.845613
10402.316726
10401.796357
10401.284305
10400.780222
10400.284243
10399.796003
10399.315306
10398.841967
10398.375801
10397.916630
10397.464280
10397.018578
10396.579358
10396.146455
10395.702344
10395.268680
10394.841375
10394.420552
10394.006244
10393.598380
10393.196820
10392.801384
10392.411872
10392.028079
10391.649804
10391.276847
10390.909019
10390.546140
10390.188038
10389.834550
10389.485522
10389.140808
10388.800269
10388.470560
10388.157623
10387.849889
10387.546118
10387.245909
10386.948951
10386.654717
10386.362979
10386.073574
10385.786391
10385.501349
10385.218396
10384.937490
10384.658603
10384.381715
10384.106806
10383.833863
10383.562871
10383.293816
10383.026686
10382.761465
10382.498139
10382.236691
10381.977105
10381.719363
10381.463446
10381.209335
10380.957009
10380.706449
10380.457631
10380.210535
10379.965137
10379.721415
10379.479346
10379.238905
10379.022584
10378.795909
10378.569678
10378.344792
10375.473033
10372.630682
10369.851490
10367.153011
10364.543870
