8214.558703
8215.117406
8215.676109
8216.234812
8216.793515
8217.352218
8218.469623
8220.704435
8225.174059
8234.113305
8251.991796
8287.748774
8359.262708
8502.290494
8788.430995
9357.039485
10487.374858
11161.345852
10212.564581
11107.291580
10641.977614
10445.063152
10346.011136
10169.176952
10052.487513
10049.623376
9915.363946
9941.469891
9735.183522
9486.450188
9365.362516
9259.191375
9232.231349
9232.131198
9221.472040
9224.957441
9204.641888
9206.532050
9207.404945
9221.897183
9240.445885
9259.628850
9277.870087
9301.193718
9325.344585
9347.812702
9366.445155
9392.100126
9418.100795
9432.132394
9458.528763
9484.484404
9491.660806
9515.531159
9527.113826
9543.474976
9553.543253
9566.090653
9551.708905
9554.345479
9564.223669
9543.604141
9541.892333
9474.772258
9468.960989
9450.213706
9441.297267
9424.626653
9411.166919
9401.769477
9392.975210
9375.384156
9359.461568
9345.631425
9333.017462
9322.177783
9312.633974
9304.183235
9296.579645
9289.610622
9283.181872
9277.188567
9271.551359
9266.208032
9261.109079
9256.215439
9251.495232
9246.924696
9242.484137
9238.157746
9233.931332
9229.747568
9225.574627
9221.430204
9217.300715
9213.185388
9209.108636
9205.087542
9201.097228
9197.156226
9193.253772
9189.365005
9185.490014
9181.660337
9177.872967
9174.103712
9170.319237
9166.542413
9162.826347
9159.022427
9155.140063
9151.330184
9147.576933
9143.856888
9140.149631
9136.468658
9132.820019
9129.205049
9125.623711
9122.055565
9118.515362
9115.012010
9111.546195
9108.129285
9104.773768
9101.488446
9098.280140
9095.144731
9092.072867
9089.062041
9086.130413
9083.238855
9080.389802
9077.621903
9074.878455
9072.202669
9069.556976
9066.654705
9063.890585
9061.174405
9058.541142
9056.017790
9053.607454
9051.306520
9049.110272
9046.999168
9044.919324
9042.902938
9040.970251
9039.119956
9037.345790
9035.637406
9033.896337
9032.123163
9030.407030
9029.593049
9025.893073
9022.691177
9020.653165
9018.683860
9016.605464
9014.560335
9012.557721
9010.577269
9008.643351
9006.725660
9004.848364
9003.005080
9001.179597
8999.385287
8997.505954
8995.502317
8993.454871
8991.401543
8989.188956
8985.834685
8982.419255
8979.183102
8976.141573
8973.262216
8970.512995
8967.869222
8965.312645
8962.829650
8960.409875
8958.044727
8955.724715
8953.445408
8951.199896
8948.983389
8946.792487
8944.624868
8942.478832
8940.353001
8938.246157
8936.157145
8934.084840
8932.028123
8929.984020
8927.951376
8925.930432
8923.919647
8921.917773
8919.922146
8917.927458
8915.930759
8913.938608
8911.946792
8909.964756
8907.991739
8906.018947
8904.042814
8902.062555
8897.776514
8893.644804
8889.677527
8885.858925
8882.165269
