8219.583853
8225.167705
8230.751558
8236.335410
8241.919262
8247.503114
8258.670818
8281.006223
8325.677026
8415.018599
8593.701617
8951.067140
9665.796132
10380.515456
11710.072996
13131.781717
13137.931437
12532.967314
12550.203643
12574.381220
12597.579206
12595.845434
12578.676552
12555.352145
12500.121844
12447.839544
12400.107480
12319.747283
12252.664040
12195.566661
12107.619981
12036.771034
11977.507679
11887.301977
11814.462512
11752.492744
11653.334697
11568.252870
11421.316455
11286.122182
11223.792959
11113.970393
11035.653620
10997.840725
11018.143395
11072.614137
11121.872018
11161.154905
11191.954768
11220.147797
11247.541662
11274.619567
11303.949503
11357.177861
11377.387652
11394.175823
11406.015170
11407.148112
11388.568557
11347.371150
11296.860132
11258.995274
11242.670852
11243.869812
11279.393104
11458.311349
11506.377484
11829.486080
12841.328430
11889.035932
11876.092888
11784.960273
12143.547808
11514.222039
11509.518573
11550.749780
11297.939699
11197.894977
11249.581585
11074.108987
11148.464665
11124.738444
11119.846982
11181.975058
11200.800941
11173.381013
11162.319608
11139.101766
11095.525362
11087.447901
11038.694877
11052.988939
11066.796262
11055.627118
11043.155634
11070.964556
11085.671936
11063.085127
11057.445153
11082.179231
11038.713068
11048.935446
11058.054308
11079.282478
11062.885107
11065.841169
11025.261703
11040.953357
11024.027216
11030.509458
11015.436715
10992.849693
11005.703710
10999.123927
10992.250149
10976.228227
10978.751694
10966.882771
10882.429443
10825.685589
10777.038819
10736.507330
10698.406065
10661.106379
10637.312510
10493.023185
10254.618842
10060.400927
9911.503192
9798.029753
9711.793478
9646.380593
9596.820402
9559.292595
9530.878287
9509.356679
9493.043155
9480.662549
9471.251059
9464.080954
9458.603111
9454.403329
9451.169217
9448.665160
9446.713402
9445.179784
9443.962990
9442.986447
9442.192220
9441.536421
9440.985751
9440.514891
9440.104549
9439.739975
9439.409860
9439.105492
9438.820126
9438.548514
9438.286543
9438.030963
9437.779190
9437.529147
9437.279150
9437.027818
9436.774008
9436.516766
9436.255282
9435.988871
9435.716938
9435.438973
9435.154526
9434.863207
9434.564670
9434.258608
9433.944752
9433.622863
9433.292727
9432.954157
9432.606987
9432.251071
9431.886281
9431.512505
9431.129647
9430.737626
9430.336371
9429.925826
9429.505946
9429.076693
9428.638043
9428.189978
9427.732490
9427.265576
9426.789244
9426.303507
9425.808383
9425.303898
9424.790082
9424.266971
9423.734606
9423.193031
9422.642295
9422.082452
9421.513558
9420.935673
9420.348861
9419.753187
9419.148722
9418.535536
9417.913704
9417.283301
9416.644408
9415.997104
9415.341471
9414.677593
9414.005557
9413.325450
9412.637359
9411.941375
9411.237590
9410.526094
9409.806982
9409.080347
9408.346284
9407.604890
9406.856260
9406.100492
9405.337683
9404.567931
9403.791336
9403.007995
9402.218009
9401.421477
9400.618498
9399.809174
9398.993603
9398.171887
9397.344125
9396.510418
9395.670867
9394.825570
9393.974630
9393.118145
9392.256215
9391.388940
9390.516419
9389.638752
9388.756036
9387.868371
9386.975854
9386.078583
9385.176656
9384.270168
9383.359218
9382.443899
9381.524308
9380.600540
9379.672689
9378.740848
9377.805111
9376.865570
9375.922318
9374.975445
9374.025042
9373.071199
9372.114006
9371.153550
9370.189921
9369.223205
9366.444050
9364.117410
9362.143605
9360.433903
9358.918023
