8214.558540
8215.117081
8215.675621
8216.234162
8216.792702
8217.351242
8218.468323
8220.702485
8225.170807
8234.107453
8251.980742
8287.727316
8359.220444
8502.357412
8788.463431
9361.054425
10509.393385
13401.093353
9521.616875
9888.323973
10633.417536
11165.633094
10594.248901
10384.394937
9950.115510
9963.190470
9719.978991
9680.844357
9603.935919
9591.931396
9539.316364
9538.059011
9515.126473
9435.093219
9421.232795
9436.032379
9438.816585
9442.727640
9419.490279
9436.436049
9413.226200
9396.572406
9412.336038
9399.082592
9390.846633
9363.445442
9369.717736
9355.176641
9347.930204
9352.221809
9350.861802
9346.944532
9337.682582
9343.548856
9352.938955
9348.999663
9354.314239
9358.274231
9364.821077
9361.411612
9349.096729
9342.433665
9341.322326
9339.156473
9328.433233
9327.234037
9326.064901
9324.305302
9317.608322
9316.226820
9314.529914
9305.817917
9304.710847
9304.016005
9303.138083
9300.284299
9299.553143
9298.342406
9296.713239
9295.241091
9293.287383
9292.817908
9292.549868
9292.304754
9291.046122
9290.876589
9290.780421
9290.496605
9289.290055
9289.034167
9288.855393
9287.706377
9287.515541
9287.403964
9287.298914
9287.196475
9287.096405
9286.998675
9286.903257
9286.810118
9286.719221
9286.630526
9286.543993
9286.459581
9286.377249
9286.296956
9286.218662
9286.142326
9286.067907
9285.995366
9285.924663
9285.855759
9285.788615
9285.723191
9285.659450
9285.597354
9285.536865
9285.477947
9285.420563
9285.364678
9285.310255
9285.257261
9285.205660
9285.155420
9285.106507
9285.058888
9285.012531
9284.967405
9284.923479
9284.880722
9284.839106
9284.798600
9284.759177
9284.720808
9284.683467
9284.647125
9284.611758
9284.577340
9284.543844
9284.511248
9284.479527
9284.448658
9284.418618
9284.389385
9284.360936
9284.333252
9284.306310
9284.280092
9284.254577
9284.229745
9284.205579
9284.182061
9284.159171
9284.136894
9284.115212
9284.094109
9284.073569
9284.053576
9284.034115
9284.015171
9283.996730
9283.978779
9283.961303
9283.944289
9283.927725
9283.911597
9283.895894
9283.880604
9283.865715
9283.851217
9283.837097
9283.823346
9283.809954
9283.796910
9283.784204
9283.771828
9283.759772
9283.748026
9283.736583
9283.725434
9283.714571
9283.703985
9283.693669
9283.683616
9283.673818
9283.664268
9283.654959
9283.645884
9283.637038
9283.628412
9283.620003
9283.611802
9283.603805
9283.596006
9283.588400
9283.580981
9283.573743
9283.566682
9283.559794
9283.553073
9283.546514
9283.540113
9283.533866
9283.527769
9283.521817
9283.516007
9283.510334
9283.504795
9283.499386
9283.494103
9283.487133
9283.480575
9283.474166
9283.467898
9283.461768
