8219.583853
8225.167705
8230.751558
8236.335410
8241.919262
8247.503114
8258.670818
8281.006223
8325.677026
8415.018599
8593.701617
8951.067140
9665.796132
10380.515456
11710.072996
13131.781717
13137.931437
12532.967314
12550.203643
12574.381220
12597.579206
12595.845434
12578.676552
12555.352145
12500.121844
12447.839544
12400.107480
12319.747283
12252.664040
12195.566661
12107.619981
12036.771034
11977.507679
11887.301977
11814.462512
11752.492744
11653.334697
11568.252870
11421.316455
11286.122182
11223.792959
11113.970393
11035.653620
10997.840725
11018.143395
11072.614137
11121.872018
11161.154905
11191.954768
11220.147797
11247.541662
11274.619567
11303.949503
11357.177861
11377.387652
11394.175823
11406.015170
11407.148112
11388.568557
11347.371150
11296.860132
11258.995274
11242.670852
11243.869812
11279.393104
11458.311349
11506.377484
11829.486080
12841.328430
11889.035932
11876.092888
11784.960273
12143.547808
11514.222039
11509.518573
11550.749780
11297.939699
11197.894977
11249.581585
11074.108987
11148.464665
11124.738444
11119.846982
11181.975058
11200.800941
11173.381013
11162.319608
11139.101766
11095.525362
11087.447901
11038.694877
11052.988939
11066.796262
11055.627118
11043.155634
11070.964556
11085.671936
11063.085127
11057.445153
11082.179231
11038.713068
11048.935446
11058.054308
11079.282478
11062.885107
11065.841169
11025.261703
11040.953357
11024.027216
11030.509458
11015.436715
10992.849693
11005.703710
10999.123927
10992.250149
10976.228227
10978.751694
10966.882771
10946.030250
10929.829842
10915.328146
10913.001619
10905.953727
10903.530177
10881.023024
10869.722408
10865.654532
10863.256404
10861.035551
10854.700512
10852.576143
10850.659816
10841.699583
10838.450869
10836.745612
10835.415161
10834.146907
10832.610546
10827.952988
10825.953719
10822.966476
10820.142840
10818.257098
10816.832922
10815.607196
10814.453916
10813.325570
10812.206505
10811.091777
10809.979792
10808.869929
10807.761682
10806.654138
10805.542839
10804.422041
10803.217072
10801.734743
10800.132211
10798.415817
10796.698169
10795.060397
10793.558641
10792.201259
10790.957701
10789.784740
10788.640037
10787.345735
10784.259980
10782.135163
10780.697535
10779.523946
10778.433983
10777.369943
10776.314646
10775.263244
10774.214406
10773.167770
10772.123237
10771.080778
10770.040383
10769.002043
10767.965752
10766.931502
10765.899283
10764.869086
10763.840900
10762.814713
10761.790513
10760.768288
10759.748027
10758.729716
10757.713347
10756.698908
10755.686394
10754.675798
10753.667119
10752.660358
10751.655523
10750.635562
10749.619610
10748.606815
10747.595602
10746.586326
10745.578980
10744.573580
10743.570155
10742.568737
10741.569359
10740.572055
10739.576860
10738.583813
10737.592955
10736.604329
10735.617984
10734.633973
10733.652352
10732.673184
10731.696536
10730.722482
10729.751100
10728.782472
10727.816685
10726.853831
10725.893999
10724.937279
10723.983754
10723.033501
10722.086584
10721.143052
10720.202936
10719.266248
10718.332983
10717.403121
10716.476632
10715.532690
10714.585153
10713.638495
10712.693196
10711.750463
10710.810698
10709.874160
10708.941058
10708.011570
10707.085860
10706.171983
10705.261376
10704.354434
10703.451409
10702.552509
10701.657922
10700.767804
10699.876745
10698.981332
10698.085509
10697.186210
10696.290917
10695.401002
10694.502433
10693.596445
10692.688699
10691.781616
10690.876324
10689.973445
10689.073705
10688.177551
10687.285484
10686.397178
10685.511943
10684.617105
10683.731943
10682.849857
10681.961901
10681.060852
