8214.558703
8215.117406
8215.676109
8216.234812
8216.793515
8217.352218
8218.469623
8220.704435
8225.174059
8234.113305
8251.991796
8287.748774
8359.262708
8502.290494
8788.430995
9357.039485
10487.374858
11161.345852
10212.564581
11107.291580
10641.977614
10445.063152
10346.011136
10169.176952
10052.487513
10049.623376
9915.363946
9941.469891
9735.183522
9708.973435
9584.058718
9549.330761
9519.290457
9514.284775
9487.396944
9497.517338
9480.239263
9504.389721
9489.405189
9475.008325
9453.409155
9433.268898
9423.954439
9426.800025
9407.215253
9405.127833
9378.326982
9379.418465
9387.174636
9383.790700
9379.060691
9378.487921
9371.941130
9369.843486
9378.952741
9378.019133
9359.079804
9361.050823
9370.095185
9362.868547
9363.172785
9353.684530
9352.654288
9341.840047
9338.204953
9328.321272
9325.223743
9318.244247
9313.109656
9310.123271
9303.085459
9299.840947
9297.199316
9293.210517
9290.327505
9287.569769
9285.344214
9283.212245
9280.755500
9278.535686
9276.432244
9274.382619
9272.365648
9270.374724
9268.407399
9266.462529
9264.539387
9262.637327
9260.755748
9258.893992
9257.051511
9255.227874
9253.422704
9251.635644
9249.866360
9248.114547
9246.379912
9244.662183
9242.961094
9241.276381
9239.607822
9237.955211
9236.318350
9234.697051
9233.091138
9231.500441
9229.924772
9228.363961
9226.817837
9225.286224
9223.768938
9222.265778
9220.776536
9219.300993
9217.838913
9216.390022
9214.954056
9213.530759
9212.119874
9210.721148
9209.334339
9207.952598
9206.581286
9205.212323
9203.853280
9202.486172
9201.119522
9199.764533
9198.421297
9197.089698
9195.769750
9194.461530
9193.165155
9191.880759
9190.608510
9189.348615
9188.101310
9186.866850
9185.645502
9184.437509
9183.243061
9182.062254
9180.895016
9179.741105
9178.599997
9177.470939
9176.352997
9175.245184
9174.146604
9173.001442
9171.864999
9170.663076
9169.524256
9168.359765
9167.223464
9166.099366
9164.985017
9163.880707
9162.786523
9161.702457
9160.628514
9159.564714
9158.511081
9157.467633
9156.434388
9155.411360
9154.397954
9153.392729
9152.396765
9151.408420
9150.428599
9149.457796
9148.496230
9147.542650
9146.597809
9145.662041
9144.735443
9143.818083
9142.908664
9142.005160
9141.108579
9140.217271
9139.332246
9138.454403
9137.581028
9136.707005
9135.831156
9134.942499
9134.058391
9133.179415
9132.292347
9131.409356
9130.531800
9129.650479
9128.769044
9127.880786
9126.994681
9126.106379
9125.217689
9124.330004
9123.443880
9122.557485
9121.671358
9120.785564
9119.900327
9119.009435
9118.113497
9117.213349
9116.309775
9115.402638
9114.492118
9113.574561
9112.650194
9111.680041
9110.723086
9109.731505
9108.725577
9107.715295
