8219.583853
8225.167705
8230.751558
8236.335410
8241.919262
8247.503114
8258.670818
8281.006223
8325.677026
8415.018599
8593.701617
8951.067140
9665.796132
10380.515456
11710.072996
13131.781717
13137.931437
12532.967314
12550.203643
12574.381220
12597.579206
12595.845434
12578.676552
12555.352145
12500.121844
12447.839544
12400.107480
12319.747283
12252.664040
12195.566661
12107.619981
12036.771034
11977.507679
11887.301977
11814.462512
11752.492744
11653.334697
11568.252870
11421.316455
11286.122182
11223.792959
11113.970393
11035.653620
10997.840725
11018.143395
11072.614137
11121.872018
11161.154905
11191.954768
11220.147797
11247.541662
11274.619567
11303.949503
11357.177861
11377.387652
11394.175823
11406.015170
11407.148112
11388.568557
11347.371150
11296.860132
11258.995274
11242.670852
11243.869812
11279.393104
11458.311349
11506.377484
11829.486080
12841.328430
11889.035932
11876.092888
11784.960273
12143.547808
11514.222039
11509.518573
11550.749780
11297.939699
11197.894977
11249.581585
11074.108987
11148.464665
11124.738444
11119.846982
11181.975058
11200.800941
11173.381013
11162.319608
11139.101766
11095.525362
11087.447901
11038.694877
11052.988939
11066.796262
11055.627118
11043.155634
11070.964556
11085.671936
11063.085127
11057.445153
11082.179231
11038.713068
11048.935446
11058.054308
11079.282478
11062.885107
11065.841169
11025.261703
11040.953357
11024.027216
11030.509458
11015.436715
10992.849693
11005.703710
10999.123927
10992.250149
10976.228227
10978.751694
10966.882771
10940.737637
10912.743064
10900.273784
10888.153216
10870.427228
10863.134308
10849.620109
10839.772960
10832.051413
10825.640144
10819.600833
10810.370165
10803.988716
10798.386609
10792.990793
10787.686659
10782.452559
10777.285574
10772.186761
10767.157616
10762.200268
10757.316620
10752.508513
10747.778339
10743.129967
10738.569643
10734.045204
10729.560666
10725.154675
10720.785271
10716.457698
10712.304616
10707.995198
10703.762021
10699.422817
10695.142022
10690.853713
10686.402745
10682.128806
10677.763024
10673.084163
10667.846066
10662.172128
10656.724317
10651.179419
10645.223153
10639.264458
10633.613491
10628.290840
10623.474299
10618.967292
10614.984332
10611.200722
10607.226482
10597.466311
10588.996210
10581.947978
10575.159700
10568.370738
10561.169890
10553.235867
10544.112733
10527.394500
10506.186604
10483.097451
10458.113341
10431.343182
10402.315235
10372.068900
10341.285082
10310.878337
10280.394320
10250.413012
10221.106205
10192.672654
10165.104609
10138.434035
10112.616880
10087.628276
10063.438199
10040.020822
10017.351737
9995.407194
9974.164161
9953.600311
9933.693997
9914.424243
9895.770717
9877.713720
9860.234164
9843.313558
9826.933990
9811.078109
9795.729111
9780.870722
9766.487184
9752.563237
9739.084105
9726.035484
9713.403523
9701.174817
9689.336385
9677.875664
9666.780494
9656.039102
9645.640097
9635.572451
9625.825491
9616.388889
9607.252649
9598.407097
9589.842871
9581.550912
9573.522452
9565.749007
9558.222367
9550.934587
9543.877979
9537.045104
9530.428764
9524.021992
9517.818048
9511.810410
9505.992766
9500.359008
9494.903228
9489.619707
9484.502911
9479.547486
9474.748251
9470.100193
9465.598460
9461.238357
9457.015342
9452.925020
9448.963135
9445.125574
9441.408351
9437.807612
9434.319628
9430.940790
9427.667603
9424.496688
9421.424773
9418.448694
9415.565387
9412.771886
9410.065323
9407.442922
9404.901995
9400.183900
9395.632654
9391.246569
9387.023525
9382.961041
