8214.558385
8215.116771
8215.675156
8216.233541
8216.791926
8217.350312
8218.467082
8220.700623
8225.167705
8234.101869
8251.970195
8287.706843
8359.180118
8502.126585
8788.019190
9359.803087
10503.651276
12777.034644
13036.062550
13076.607529
13224.972877
12540.428316
12560.142409
12577.680827
12560.805975
12535.670415
12472.042010
12412.446720
12315.585767
12237.108390
12172.519429
12077.235348
12001.118648
11891.426357
11805.173427
11731.743577
11611.047054
11588.059062
11565.813299
11524.410304
11441.293614
11425.428191
11409.689322
11379.749747
11314.016611
11192.223644
11085.592455
11019.521382
11003.301331
11051.354775
11103.239498
11145.074525
11179.649613
11213.694748
11220.015050
11226.155594
11238.570166
11258.470677
11306.069728
11347.959239
11382.788968
11321.581999
11222.279905
11218.600699
11312.125523
11675.622375
11810.280948
12633.030303
12043.668684
11843.720291
11949.783470
11785.965104
11549.043357
11300.450421
11437.868669
11117.176344
11105.938205
11092.885848
11062.618194
11010.442185
10981.760385
10942.872246
10979.565509
11000.391667
11035.898051
10958.000945
10988.097431
10983.558534
10979.767866
10989.597776
11019.332101
10991.578657
10956.269193
10979.205720
11003.179978
11005.011927
11015.365571
11005.911247
10996.950019
11005.513045
11000.452380
10990.009529
10997.371395
11001.838926
11012.672023
11011.465675
11024.375525
11033.127732
11042.649609
11034.316063
11029.204300
11030.709738
11033.228286
11040.279439
11029.982323
11029.426273
11017.270696
11015.636309
11005.743892
11005.196353
10996.531911
10995.967809
10994.855499
10984.916269
10983.784951
10983.513540
10982.859969
10980.871149
10977.390244
10976.872289
10976.798523
10976.775325
10976.750137
10976.596590
10975.757553
10973.895802
10973.160453
10972.874416
10972.765941
10972.678799
10971.675689
10971.640923
10971.633842
10971.626837
10971.616972
10971.611042
10971.606457
10971.602455
10971.598656
10971.594921
10971.591207
10971.587498
10971.583790
10971.580082
10971.576374
10971.572665
10971.568955
10971.565245
10971.561534
10971.557823
10971.554111
10971.550398
10971.546684
10971.542970
10971.539256
10971.535540
10971.531824
10971.528107
10971.524390
10971.520672
10971.516953
10971.513234
10971.509514
10971.505793
10971.502072
10971.498350
10971.494628
10971.490904
10971.487180
10971.483456
10971.479730
10971.476005
10971.472278
10971.468551
10971.464823
10971.461094
10971.457365
10971.453635
10971.449905
10971.446174
10971.442442
10971.438709
10971.434976
10971.431242
10971.427508
10971.423772
10971.420037
10971.416300
10971.412563
10971.408825
10971.405087
10971.401348
10971.397608
10971.393867
10971.390126
10971.386384
10971.382642
10971.378899
10971.375155
10971.371410
10971.367665
10971.363919
10971.360173
10971.356426
10971.352678
10971.348929
10971.345180
10971.341430
10971.337680
10971.333929
10971.330177
10971.326424
10971.322671
10971.318917
10971.315163
10971.311408
10971.307652
10971.303895
10971.300138
10971.296380
10971.292622
10971.288862
10971.285103
10971.281342
10971.277581
10971.273819
10971.270056
10971.266293
10971.262529
10971.258764
10971.254999
10971.251233
10971.247466
10971.243699
10971.239931
10971.236162
10971.232393
10971.228623
10971.224852
10971.221081
10971.217309
10971.213536
10971.209762
10971.205988
10971.202214
10971.198438
10971.194662
10971.190885
10971.187107
10971.183329
10971.179550
10971.175771
10971.171991
10971.168210
10971.164428
10971.160646
10971.156863
10971.150255
10971.143835
10971.137462
10971.131136
10971.124856
