0.001000
0.002000
0.003000
0.004000
0.005000
0.006000
0.008000
0.012000
0.020000
0.036000
0.068000
0.132000
0.260000
0.516000
1.028000
2.052000
4.100000
6.148000
6.352800
6.353005
6.353210
6.353414
6.353824
6.354643
6.356282
6.357920
6.361197
6.364474
6.371027
6.377581
6.384134
6.397242
6.410349
6.436563
6.462778
6.488992
6.541421
6.551907
6.562392
6.583364
6.625307
6.633695
6.642084
6.658861
6.692416
6.759525
6.826633
6.893742
7.027960
7.162178
7.296396
7.430613
7.564831
7.699049
7.725892
7.752736
7.806423
7.913797
8.128545
8.343294
8.558042
8.987539
9.417036
9.846532
10.276029
11.135023
12.853009
14.570996
16.288983
18.006970
19.724957
21.442944
23.160931
24.878918
26.596905
28.314892
30.032879
31.750866
33.468852
35.186839
36.904826
38.622813
40.340800
42.058787
43.776774
45.494761
47.212748
48.930735
50.648722
52.366709
54.084696
55.802682
57.520669
59.238656
60.956643
62.674630
64.392617
66.110604
67.828591
69.546578
71.264565
72.982552
74.700539
76.418525
78.136512
79.854499
81.572486
83.290473
85.008460
86.726447
88.444434
90.162421
91.880408
93.598395
95.316382
96.000000
98.000000
100.000000
102.000000
104.000000
106.000000
108.000000
110.000000
112.000000
114.000000
116.000000
118.000000
120.000000
122.000000
124.000000
126.000000
128.000000
130.000000
132.000000
134.000000
136.000000
138.000000
140.000000
142.000000
144.000000
146.000000
148.000000
150.000000
152.000000
154.000000
156.000000
158.000000
160.000000
162.000000
164.000000
166.000000
168.000000
170.000000
172.000000
174.000000
176.000000
178.000000
180.000000
182.000000
184.000000
186.000000
188.000000
190.000000
192.000000
194.000000
196.000000
198.000000
200.000000
202.000000
204.000000
206.000000
208.000000
210.000000
212.000000
214.000000
216.000000
218.000000
220.000000
222.000000
224.000000
226.000000
228.000000
230.000000
232.000000
234.000000
236.000000
238.000000
240.000000
242.000000
244.000000
246.000000
248.000000
250.000000
252.000000
254.000000
256.000000
258.000000
260.000000
262.000000
264.000000
266.000000
268.000000
270.000000
272.000000
274.000000
276.000000
278.000000
280.000000
282.000000
284.000000
286.000000
288.000000
290.000000
292.000000
294.000000
296.000000
298.000000
300.000000
302.000000
304.000000
306.000000
308.000000
310.000000
312.000000
314.000000
316.000000
318.000000
320.000000
322.000000
324.000000
326.000000
328.000000
330.000000
332.000000
334.000000
336.000000
338.000000
340.000000
342.000000
344.000000
346.000000
348.000000
350.000000
352.000000
354.000000
356.000000
358.000000
360.000000
362.000000
364.000000
366.000000
368.000000
370.000000
372.000000
374.000000
376.000000
378.000000
380.000000
382.000000
384.000000
386.000000
388.000000
390.000000
392.000000
394.000000
396.000000
398.000000
400.000000
402.000000
404.000000
406.000000
408.000000
