8219.583853
8225.167705
8230.751558
8236.335410
8241.919262
8247.503114
8258.670818
8281.006223
8325.677026
8415.018599
8593.701617
8951.067140
9665.796132
10380.515456
11710.072996
13131.781717
13137.931437
12532.967314
12550.203643
12574.381220
12597.579206
12595.845434
12578.676552
12555.352145
12500.121844
12447.839544
12400.107480
12319.747283
12252.664040
12195.566661
12107.619981
12036.771034
11977.507679
11887.301977
11814.462512
11752.492744
11653.334697
11568.252870
11421.316455
11286.122182
11223.792959
11113.970393
11035.653620
10997.840725
11018.143395
11072.614137
11121.872018
11161.154905
11191.954768
11220.147797
11247.541662
11274.619567
11303.949503
11357.177861
11377.387652
11394.175823
11406.015170
11407.148112
11388.568557
11347.371150
11296.860132
11258.995274
11242.670852
11243.869812
11279.393104
11458.311349
11506.377484
11829.486080
12841.328430
11889.035932
11876.092888
11784.960273
12143.547808
11514.222039
11509.518573
11550.749780
11297.939699
11197.894977
11249.581585
11074.108987
11148.464665
11124.738444
11119.846982
11181.975058
11200.800941
11173.381013
11162.319608
11139.101766
11095.525362
11087.447901
11038.694877
11052.988939
11066.796262
11055.627118
11043.155634
11070.964556
11085.671936
11063.085127
11057.445153
11082.179231
11038.713068
11048.935446
11058.054308
11079.282478
11062.885107
11065.841169
11025.261703
11040.953357
11024.027216
11030.509458
11015.436715
10992.849693
11005.703710
10999.123927
10992.250149
10976.228227
10978.751694
10966.882771
10943.370988
10917.610965
10907.584284
10897.770356
10892.691496
10872.854053
10864.196972
10855.650665
10850.158731
10840.738881
10835.768834
10831.600169
10827.700456
10823.967811
10820.206385
10815.339908
10810.640838
10806.464445
10802.733294
10799.262360
10795.927076
10792.660388
10789.213000
10783.866597
10779.618143
10776.097623
10772.877168
10769.775606
10766.730549
10763.722290
10760.744803
10757.795867
10754.873804
10751.954062
10749.018598
10746.095148
10743.192175
10740.312490
10737.457368
10734.627818
10731.824987
10729.050320
10726.305632
10723.562635
10720.813593
10718.091322
10715.382154
10712.688068
10710.015245
10707.326000
10704.651368
10702.002950
10699.398957
10696.831603
10694.291761
10691.614507
10689.082658
10686.478780
10683.850125
10681.391253
10678.561792
10675.802318
10672.978456
10670.172650
10667.113154
10663.732269
10660.318380
10656.894911
10653.539916
10650.130475
10646.541322
10642.674292
10638.936947
10635.320213
10631.748758
10628.253100
10624.854747
10621.587549
10618.448640
10615.454284
10612.636866
10610.109561
10607.509031
10604.952207
10602.097433
10597.546445
10591.155927
10586.623243
10582.400168
10578.367954
10574.375444
10570.408626
10566.471022
10562.447817
10558.341746
10554.029032
10549.431983
10544.251320
10533.053347
10520.034749
10506.530220
10492.750680
10478.624681
10464.040796
10448.741251
10432.645307
10415.677470
10397.870260
10379.385692
10360.483817
10341.480964
10322.619766
10303.568951
10284.704075
10265.868492
10247.278244
10228.946726
10210.942331
10193.247915
10175.908189
10158.911499
10142.246840
10125.908439
10109.891472
10094.187025
10078.789440
10063.692177
10048.889546
10034.375811
10020.145342
10006.192617
9992.512216
9979.098823
9965.947220
9953.052291
9940.409017
9928.012474
9915.857832
9903.940355
9892.255395
9880.798395
9869.564888
9858.550489
9847.750900
9837.161907
9826.779374
9816.599250
9806.617559
9796.830403
9787.233962
9775.548283
9764.115349
9752.931860
9741.994444
9731.299668
