8214.558541
8215.117081
8215.675624
8216.234164
8216.792703
8217.351242
8218.468323
8220.702485
8225.170809
8234.107457
8251.980750
8287.727331
8359.220475
8502.341715
8788.413453
9361.248410
10510.093131
13375.871109
9829.902233
9886.731074
10633.062812
11595.067038
10198.487052
9859.010939
9754.940871
9645.828129
9537.830683
9458.311842
9373.926132
9342.438011
9311.767730
9352.644332
9348.238840
9317.346550
9336.792837
9324.069528
9328.038179
9320.757642
9314.123266
9325.558524
9336.653214
9349.787041
9363.692857
9378.525870
9393.004237
9407.694066
9422.527597
9437.061547
9452.005693
9467.338070
9483.040447
9498.829733
9514.636214
9530.448903
9546.265743
9562.085929
9577.908793
9593.733151
9608.662528
9608.501012
9608.500154
9608.499480
9608.498808
9608.498137
9608.497465
9608.496793
9608.496121
9608.495449
9608.494777
9608.494105
9608.493433
9608.492761
9608.492089
9608.491417
9608.490745
9608.490073
9608.489401
9608.488729
9608.488057
9608.487386
9608.486714
9608.486042
9608.485370
9608.484698
9608.484026
9608.483354
9608.482682
9608.482009
9608.481337
9608.480665
9608.479993
9608.479321
9608.478649
9608.477977
9608.477305
9608.476633
9608.475961
9608.475289
9608.474617
9608.473945
9608.473273
9608.472601
9608.471928
9608.471256
9608.470584
9608.469912
9608.469240
9608.468568
9608.467896
9608.467223
9608.466551
9608.465879
9608.465207
9608.464535
9608.463863
9608.463190
9608.462518
9608.461846
9608.461174
9608.460502
9608.459829
9608.459157
9608.458485
9608.457813
9608.457140
9608.456468
9608.455796
9608.455124
9608.454451
9608.453779
9608.453107
9608.452434
9608.451762
9608.451090
9608.450418
9608.449745
9608.449073
9608.448401
9608.447728
9608.447056
9608.446384
9608.445711
9608.445039
9608.444366
9608.443694
9608.443022
9608.442349
9608.441677
9608.441005
9608.440332
9608.439660
9608.438987
9608.438315
9608.437642
9608.436970
9608.436298
9608.435625
9608.434953
9608.434280
9608.433608
9608.432935
9608.432263
9608.431590
9608.430918
9608.430245
9608.429573
9608.428900
9608.428228
9608.427555
9608.426883
9608.426210
9608.425538
9608.424865
9608.424192
9608.423520
9608.422847
9608.422175
9608.421502
9608.420830
9608.420157
9608.419484
9608.418812
9608.418139
9608.417467
9608.416794
9608.416121
9608.415449
9608.414776
9608.414103
9608.413431
9608.412758
9608.412085
9608.411413
9608.410740
9608.410067
9608.409395
9608.408722
9608.408049
9608.407376
9608.406704
9608.406031
9608.405358
9608.404685
9608.404013
9608.403340
9608.402667
9608.401994
9608.401322
9608.400649
9608.399976
9608.396615
9608.393328
9608.390088
9608.386894
9608.383746
