8214.558760
8215.117520
8215.676281
8216.235041
8216.793801
8217.352561
8218.470082
8220.705122
8225.175204
8234.115366
8251.995690
8287.756332
8359.277595
8502.320040
8788.489637
9357.160955
10487.575246
11157.182176
10215.475085
11110.341331
10640.653279
10459.514040
11082.146076
10164.772601
10312.848667
9739.826395
9857.360729
9655.126098
9734.093251
9739.136970
9614.597370
9553.000187
9524.401133
9481.349732
9493.494032
9501.235896
9518.193548
9529.632947
9512.985048
9482.455170
9432.696745
9431.196624
9438.428786
9442.083982
9410.152044
9425.603511
9413.473479
9416.803004
9429.097312
9404.158670
9394.707788
9392.247805
9391.038991
9373.195076
9360.289892
9365.679904
9369.227551
9377.623078
9378.791639
9371.756738
9375.649311
9374.895025
9180.015610
9035.823641
8820.970735
8728.412681
8673.634443
8635.042797
8605.434437
8581.531841
8561.555442
8544.436043
8529.491312
8516.266265
8504.444886
8493.798316
8484.153772
8475.375716
8467.354308
8459.998220
8453.230056
8446.983337
8441.200427
8435.831051
8430.831178
8426.162144
8421.789934
8417.684590
8413.819697
8410.171943
8406.720738
8403.447877
8400.337245
8397.374564
8394.547162
8391.843779
8389.254394
8386.770073
8384.382833
8382.085535
8379.871773
8377.735794
8375.672416
8373.676963
8371.745205
8369.873307
8368.057784
8366.295463
8364.583445
8362.919079
8361.299933
8359.723770
8358.188529
8356.007596
8354.313166
8352.787905
8351.345763
8349.958763
