8219.583853
8225.167705
8230.751558
8236.335410
8241.919262
8247.503114
8258.670818
8281.006223
8325.677026
8415.018599
8593.701617
8951.067140
9665.796132
10380.515456
11710.072996
13131.781717
13137.931437
12532.967314
12550.203643
12574.381220
12597.579206
12595.845434
12578.676552
12555.352145
12500.121844
12447.839544
12400.107480
12319.747283
12252.664040
12195.566661
12107.619981
12036.771034
11977.507679
11887.301977
11814.462512
11752.492744
11653.334697
11568.252870
11421.316455
11286.122182
11223.792959
11113.970393
11035.653620
10997.840725
11018.143395
11072.614137
11121.872018
11161.154905
11191.954768
11220.147797
11247.541662
11274.619567
11303.949503
11357.177861
11377.387652
11394.175823
11406.015170
11407.148112
11388.568557
11347.371150
11296.860132
11258.995274
11242.670852
11243.869812
11279.393104
11458.311349
11506.377484
11829.486080
12841.328430
11889.035932
11876.092888
11784.960273
12143.547808
11514.222039
11509.518573
11550.749780
11297.939699
11197.894977
11249.581585
11074.108987
11148.464665
11124.738444
11119.846982
11181.975058
11200.800941
11173.381013
11162.319608
11139.101766
11095.525362
11087.447901
11038.694877
11052.988939
11066.796262
11055.627118
11043.155634
11070.964556
11085.671936
11063.085127
11057.445153
11082.179231
11038.713068
11048.935446
11058.054308
11079.282478
11062.885107
11065.841169
11025.261703
11040.953357
11024.027216
11030.509458
11015.436715
10992.849693
11005.703710
10999.123927
10992.250149
10976.228227
10978.751694
10966.882771
10909.557265
10724.554748
10693.857184
10682.416758
10676.021648
10671.598782
10667.346204
10663.636575
10660.364682
10657.399512
10654.598325
10651.915621
10649.312820
10646.795985
10644.380939
10642.073536
10639.872647
10637.747682
10635.638638
10633.562464
10631.536651
10629.547359
10627.498229
10625.457087
10623.739536
10620.853165
10616.159026
10613.167366
10610.448992
10607.801172
10605.256005
10602.779053
10600.332942
10597.870686
10595.374701
10592.864833
10590.340387
10587.774223
10585.271227
10582.427100
10580.456783
10575.080096
10567.274509
10567.421788
10566.711511
10565.882835
10565.077524
10564.323440
10563.623913
10562.976505
10561.180803
