8214.558545
8215.117090
8215.675635
8216.234180
8216.792725
8217.351269
8218.468358
8220.702536
8225.170893
8234.107606
8251.981030
8287.727873
8359.221539
8502.208789
8788.182958
9360.129974
10504.335098
12791.738671
15487.387446
12989.694163
13227.455556
13190.647004
13062.603892
12809.827543
12614.939563
12342.708588
12148.586912
11902.525235
11734.432088
11536.485516
11347.052042
11231.828042
11187.628213
11186.177737
11204.376245
11244.976058
11292.762104
11335.899822
11361.156636
11380.801294
11350.595884
11288.268992
11251.208385
11251.581272
11273.886661
11392.363158
11772.850053
12001.637040
12896.830460
11464.404412
11474.699954
11594.751422
11862.848752
11350.224919
11405.651136
11440.773979
11260.384418
11179.391610
11137.087857
11146.846273
11162.201894
11101.092726
11102.889342
11016.651128
11006.110419
11016.431900
10996.397067
10962.834274
10933.513177
10921.177060
10908.638053
10884.502422
10866.356402
10853.486212
10821.288527
10799.452971
10787.519177
10772.877133
10759.408318
10750.205889
10737.447765
10730.092540
10723.467006
10720.521943
10717.250663
10716.612805
10716.944156
10716.197773
10719.570313
10714.366085
10714.163939
10715.417689
10715.979532
10714.112731
10718.988892
10717.426793
10717.159776
10716.546843
10718.588063
10719.388212
10719.189027
10719.371284
10716.350674
10722.264995
10722.565473
10721.282813
10719.765500
10722.644478
10723.398131
10723.533598
10722.622202
10723.487591
10723.633371
10723.713947
10723.776385
10721.167101
10725.364101
10726.047691
10725.811689
10723.399680
10724.093992
10724.052698
10723.835235
10723.375948
10722.990610
10722.880552
10722.675266
10722.300692
10721.432169
10722.043866
10721.755292
10721.442220
10720.879043
10720.988299
10720.705863
10720.401401
10719.892758
10709.484890
10730.016098
10717.882403
10716.321236
10715.585878
10714.939355
10711.454816
10707.433652
10711.154312
10712.807174
10710.627890
10710.219912
10711.008837
10711.075684
10711.026312
10711.099134
10714.259641
10711.741207
10711.194930
10711.744868
10710.777376
10712.197886
10711.610678
10711.456150
10711.432286
10711.706037
10711.585034
10711.565062
10711.684826
10710.787908
10711.922750
10712.237819
10712.495272
10711.320524
10712.442039
10712.448270
10712.302318
10711.925054
10704.479606
10712.389122
10715.262751
10715.397279
10714.757912
10711.002432
10714.271071
10713.813901
10713.313629
10712.553814
10713.591885
10713.441702
10713.266578
10712.926262
10713.313929
10714.465664
10714.133327
10713.943925
10713.537181
10713.564126
10714.608910
10714.034503
10713.697195
10713.311297
10713.371307
10715.193872
10714.730201
10714.178967
10713.255804
10712.227451
10713.679848
10713.348559
10713.042719
10712.461971
10712.576762
10713.725880
10712.995944
10712.528730
10712.824405
10713.403633
10713.003025
10712.754819
10712.333140
10712.912452
10714.323513
10713.943907
10713.631178
10712.963584
10712.452707
10657.871908
10631.667902
10620.157509
10612.759230
10580.020023
10558.648436
10568.701344
10561.756721
10554.010559
10544.420405
10534.135321
10528.019307
10522.645599
10517.910967
10513.688734
10509.899731
10506.485675
10503.392767
10500.582310
10497.790610
10495.391678
10487.446781
10483.772810
10479.818993
10476.095546
10472.617798
10469.375013
10466.348112
10463.516476
10460.860759
10458.359735
10456.002072
10453.773632
10451.662065
10449.656799
10447.748694
10445.929755
10444.192849
10442.531792
10440.940990
10439.415378
10437.950412
10436.541991
10435.186405
10433.880267
10432.620515
10431.404350
10430.229192
10429.092661
10427.992579
10426.926944
10425.893896
10424.891712
10423.918798
10422.973677
10422.054973
10421.161410
10420.291793
10419.445010
10418.620017
10417.815841
10417.031565
10416.266332
10415.519333
10414.789810
10414.077047
10413.380370
10412.699141
10412.032761
10411.380659
10410.742339
10410.117189
10409.504767
10408.904622
10408.316324
10407.739462
10407.173644
10406.618497
10406.073664
10405.538805
10405.013596
10404.495297
10403.988195
10403.489746
10402.999474
10402.517059
10402.042267
10401.574910
10401.114821
10400.661845
10400.215829
10399.776507
10399.343950
10398.917901
10398.498198
10398.084688
10397.677222
10397.275654
10396.879842
10396.489649
10396.104937
10395.725574
10395.351430
10394.971178
10394.597079
10394.227760
10393.863524
10393.504532
10393.150818
10392.802329
10392.458964
10392.120589
10391.787055
10391.458208
10391.133892
10390.813954
10390.498249
10390.186636
10389.878980
10389.575154
10389.275039
10388.978519
10388.685487
10388.395838
10388.109475
10387.826304
10387.550507
10387.287459
10387.029651
10386.775488
10386.524346
10386.275876
10386.029859
10385.785943
10385.543951
10385.303760
10385.065285
10384.828467
10384.593265
10384.359652
10384.127608
10383.897118
10383.668173
10383.440763
10383.214881
10382.990520
10382.767674
10382.546334
10382.326493
10382.108143
10381.891274
10381.675877
10381.461942
10381.249458
10378.210550
10375.230716
10372.343104
10369.563245
10367.195403
