8219.583853
8225.167705
8230.751558
8236.335410
8241.919262
8247.503114
8258.670818
8281.006223
8325.677026
8415.018599
8593.701617
8951.067140
9665.796132
10380.515456
11710.072996
13131.781717
13137.931437
12532.967314
12550.203643
12574.381220
12597.579206
12595.845434
12578.676552
12555.352145
12500.121844
12447.839544
12400.107480
12319.747283
12252.664040
12195.566661
12107.619981
12036.771034
11977.507679
11887.301977
11814.462512
11752.492744
11653.334697
11568.252870
11421.316455
11286.122182
11223.792959
11113.970393
11035.653620
10997.840725
11018.143395
11072.614137
11121.872018
11161.154905
11191.954768
11220.147797
11247.541662
11274.619567
11303.949503
11357.177861
11377.387652
11394.175823
11406.015170
11407.148112
11388.568557
11347.371150
11296.860132
11258.995274
11242.670852
11243.869812
11279.393104
11458.311349
11506.377484
11829.486080
12841.328430
11889.035932
11876.092888
11784.960273
12143.547808
11514.222039
11509.518573
11550.749780
11297.939699
11197.894977
11249.581585
11074.108987
11148.464665
11124.738444
11119.846982
11181.975058
11200.800941
11173.381013
11162.319608
11139.101766
11095.525362
11087.447901
11038.694877
11052.988939
11066.796262
11055.627118
11043.155634
11070.964556
11085.671936
11063.085127
11057.445153
11082.179231
11038.713068
11048.935446
11058.054308
11079.282478
11062.885107
11065.841169
11025.261703
11040.953357
11024.027216
11030.509458
11015.436715
10992.849693
11005.703710
10999.123927
10992.250149
10976.228227
10978.751694
10966.882771
10947.367217
10933.118792
10930.623980
10917.236215
10916.267936
10901.404279
10898.889230
10879.179862
10876.477534
10875.825649
10875.493764
10870.347683
10869.731483
10868.676907
10860.473777
10858.830186
10858.439401
10857.864905
10852.422577
10851.152557
10850.161251
10845.685811
10844.560501
10844.210439
10844.082135
10844.022288
10843.984552
10843.939600
10843.732215
10840.754592
10839.737261
10839.379069
10839.251709
10839.005331
10835.656188
10834.967430
10834.854927
10834.837415
10834.834055
10834.832622
10834.831402
10834.830181
10834.828941
10834.827686
10834.826424
10834.825157
10834.823886
10834.822614
10834.821341
10834.820068
10834.818794
10834.817519
10834.816245
10834.814971
10834.813696
10834.812422
10834.811147
10834.809873
10834.808598
10834.807324
10834.806050
10834.804775
10834.803501
10834.802226
10834.800952
10834.799677
10834.798403
10834.797128
10834.795854
10834.794580
10834.793305
10834.792031
10834.790756
10834.789482
10834.788208
10834.786933
10834.785659
10834.784384
10834.783110
10834.781836
10834.780561
10834.779287
10834.778012
10834.776738
10834.775464
10834.774189
10834.772915
10834.771641
10834.770366
10834.769092
10834.767818
10834.766543
10834.765269
10834.763995
10834.762720
10834.761446
10834.760172
10834.758897
10834.757623
10834.756349
10834.755074
10834.753800
10834.752526
10834.751252
10834.749977
10834.748703
10834.747429
10834.746154
10834.744880
10834.743606
10834.742332
10834.741057
10834.739783
10834.738509
10834.737235
10834.735960
10834.734686
10834.733412
10834.732138
10834.730863
10834.729589
10834.728315
10834.727041
10834.725767
10834.724492
10834.723218
10834.721944
10834.720670
10834.719396
10834.718121
10834.716847
10834.715573
10834.714299
10834.713025
10834.711751
10834.710476
10834.709202
10834.707928
10834.706654
10834.705380
10834.704106
10834.702832
10834.701557
10834.700283
10834.699009
10834.697735
10834.696461
10834.695187
10834.693913
10834.692639
10834.688833
10834.685421
10834.682051
10834.678719
10834.675426
