8219.583812
8225.167624
8230.751436
8236.335248
8241.919059
8247.502871
8258.670493
8281.005736
8325.676214
8415.017138
8593.825860
8951.535880
9662.202369
10367.742536
10492.208202
9876.980367
9893.762821
9971.136775
9969.914554
9943.930002
9879.310266
9825.123375
9744.268423
9682.701561
9600.079761
9539.725355
9459.660351
9402.798356
9344.979219
9334.288144
9354.403496
9375.385131
9372.465944
9368.318328
9382.863072
9444.961243
9578.622864
9646.443893
9721.716239
9980.756841
10448.085937
10076.377889
10065.717423
10152.603351
10074.864838
9888.490934
9862.616426
9807.029638
9757.221498
9688.795686
9542.000092
9599.962858
9540.444548
9558.440465
9484.489318
9471.538090
9441.145340
9435.907477
9408.145135
9378.967570
9358.383933
9362.374390
9353.371746
9337.290503
9341.995275
9346.083320
9338.337556
9350.217784
9345.211112
9335.723424
9328.559952
9326.012496
9336.744502
9329.960763
9321.506576
9325.377320
9312.809974
9311.371732
9314.047117
9310.000376
9312.731687
9312.396432
9307.627695
9314.559446
9320.181841
9322.623694
9321.845924
9325.364936
9327.454690
9321.129211
9326.947492
9331.007441
9337.147330
9332.298976
9336.344418
9341.862916
9339.163462
9340.707728
9346.936688
9347.568570
9351.752229
9351.488011
9354.692749
9350.096611
9350.373357
9350.421428
9349.668638
9321.430840
9298.333490
9277.994486
9259.501619
9243.964479
9228.929071
9216.466369
9203.313625
9192.393950
9181.276063
9171.089787
9161.152649
9151.839796
9142.572339
9133.378648
9124.074064
9114.866362
9105.486913
9095.141733
9084.639386
9075.585560
9067.680953
9060.188072
9039.372918
9023.156911
9007.064945
8986.721399
8965.464415
8945.928278
8928.259095
8912.339061
8898.175139
8885.555954
8874.321233
8864.250905
8855.153171
8846.037948
8836.944510
8828.296257
8820.185648
8812.438225
8805.176155
8798.378747
8791.990799
8785.954996
8780.223702
8774.757314
8769.523767
8764.497172
8759.656511
8754.984587
8750.467091
8746.092178
8741.849821
8737.731505
8733.729934
8729.838782
8726.052533
8722.366322
8718.775818
8715.277118
8711.866667
8708.541191
8705.297644
8702.133165
8699.045042
8696.030689
8693.087621
8690.213438
8687.405816
8684.662497
8681.981282
8679.360025
8676.796635
8674.289071
8671.835343
8669.433511
8667.081687
8664.778035
8662.520769
8660.308161
8658.138536
8656.010274
8653.921811
8651.871640
8649.858312
8647.880434
8645.936670
8644.025738
8642.146417
8640.297535
8638.477979
8636.686686
8634.922647
8633.184900
8631.472536
8629.784690
8628.120544
8626.479324
8624.860298
8623.262773
8621.686097
8620.129651
8618.592854
8617.075157
8615.576041
8614.095018
8612.631626
8611.185430
8609.756020
8608.343007
8606.946024
8605.564724
8604.198778
8602.847873
8601.511715
8600.190021
8598.882524
8597.588967
8596.309106
8595.042708
8593.789549
8592.549412
8591.322090
8590.107383
8588.905099
8587.715048
8586.537051
8585.370930
8584.216513
8583.073633
8581.942125
8580.821830
8579.712590
8578.614251
8577.526661
8576.449672
8575.383136
8574.326911
8573.280852
8572.244819
8571.218674
8570.202279
8569.195498
8568.198199
8567.210248
8566.231513
8565.261866
8564.301178
8563.349321
8560.539806
8558.148419
8556.092320
8554.298437
8552.708016
