0.010000
0.020000
0.030000
0.040000
0.050000
0.060000
0.080000
0.120000
0.200000
0.360000
0.680000
1.320000
2.600000
3.880000
4.008000
4.009280
4.010560
4.013120
4.015680
4.020800
4.031040
4.041280
4.061760
4.082240
4.123200
4.164160
4.246080
4.328000
4.491840
4.655680
4.819520
5.147200
5.474880
5.802560
6.130240
6.785600
7.440960
8.096320
8.751680
10.062400
11.373120
12.683840
13.994560
15.305280
16.616000
17.926720
19.237440
20.548160
21.858880
23.169600
24.480320
25.791040
27.101760
28.412480
29.723200
31.033920
32.344640
33.655360
34.966080
36.276800
37.587520
38.898240
40.208960
41.519680
42.830400
44.141120
45.451840
46.762560
48.073280
49.384000
50.694720
52.005440
53.316160
54.626880
55.937600
57.248320
58.559040
59.869760
61.180480
62.491200
63.801920
65.112640
66.423360
67.734080
69.044800
70.355520
71.666240
72.976960
74.287680
75.598400
76.909120
78.219840
79.530560
80.841280
82.152000
83.462720
84.773440
86.084160
87.394880
88.705600
90.016320
91.327040
92.637760
93.948480
95.259200
96.000000
98.000000
100.000000
102.000000
104.000000
106.000000
108.000000
110.000000
112.000000
114.000000
116.000000
118.000000
120.000000
122.000000
124.000000
126.000000
128.000000
130.000000
132.000000
134.000000
136.000000
138.000000
140.000000
142.000000
144.000000
146.000000
148.000000
150.000000
152.000000
154.000000
156.000000
158.000000
160.000000
162.000000
164.000000
166.000000
168.000000
170.000000
172.000000
174.000000
176.000000
178.000000
180.000000
182.000000
184.000000
186.000000
188.000000
190.000000
192.000000
194.000000
196.000000
198.000000
200.000000
202.000000
204.000000
206.000000
208.000000
210.000000
212.000000
214.000000
216.000000
218.000000
220.000000
222.000000
224.000000
226.000000
228.000000
230.000000
232.000000
234.000000
236.000000
238.000000
240.000000
242.000000
244.000000
246.000000
248.000000
250.000000
252.000000
254.000000
256.000000
258.000000
260.000000
262.000000
264.000000
266.000000
268.000000
270.000000
272.000000
274.000000
276.000000
278.000000
280.000000
282.000000
284.000000
286.000000
288.000000
290.000000
292.000000
294.000000
296.000000
298.000000
300.000000
302.000000
304.000000
306.000000
308.000000
310.000000
312.000000
314.000000
316.000000
318.000000
320.000000
322.000000
324.000000
326.000000
328.000000
330.000000
332.000000
334.000000
336.000000
338.000000
340.000000
342.000000
344.000000
346.000000
348.000000
350.000000
352.000000
354.000000
356.000000
358.000000
360.000000
362.000000
364.000000
366.000000
368.000000
370.000000
372.000000
374.000000
376.000000
378.000000
380.000000
382.000000
384.000000
386.000000
388.000000
390.000000
392.000000
394.000000
396.000000
398.000000
400.000000
402.000000
404.000000
406.000000
408.000000
