8214.558032
8215.116063
8215.674094
8216.232126
8216.790157
8217.348189
8218.464252
8220.696378
8225.160629
8234.089133
8251.946138
8287.755326
8359.320746
8502.452116
8788.723811
9361.472917
10518.739450
10817.997188
9663.269537
9600.611576
9495.343490
9364.159375
9274.772423
9172.485889
9106.674111
9035.229238
8972.367880
8928.577543
8919.969544
8932.875421
8954.449510
9002.816658
9049.876557
9145.214726
9596.722079
10202.050082
10672.418587
9803.886711
9977.370560
9986.928356
9576.460456
9638.806264
9566.347675
9335.760676
9221.953915
9138.199581
8825.274607
8786.748389
8789.749286
8804.709873
8818.444424
8838.464349
8857.863825
8875.505571
8895.285010
8899.728256
8910.619109
8925.529395
8935.164453
8949.205628
8968.939325
8988.512242
9004.691249
9022.219535
9017.753147
9025.850684
9025.191071
9024.943776
9026.582720
9031.418025
9028.533317
9025.680293
9023.956137
9018.978078
9017.760370
9019.153048
8997.424633
8993.298349
8978.356368
8963.290955
8962.106680
8948.975698
8937.680393
8937.050525
8933.247816
8931.786295
8926.789842
8917.830731
8916.808429
8915.881501
8914.212378
8907.186124
8906.517912
8905.933587
8898.871202
8897.514532
8890.359246
8889.477121
8889.226891
8889.083954
8887.910760
8887.819802
8887.774528
8887.542020
8886.794966
8886.725571
8886.672368
8885.806327
8885.735610
8885.709824
8885.667336
8884.646335
8884.564820
8884.538550
8884.482628
8883.516576
8883.435519
8883.411022
8883.360638
8882.484805
8882.402084
8882.353846
8881.424596
8881.319082
8881.282271
8881.250202
8881.219188
8881.188957
8881.159471
8881.130714
8881.102674
8881.075338
8881.048692
8881.022723
8880.997415
8880.972754
8880.948726
8880.925317
8880.902512
8880.880297
8880.858658
8880.837583
8880.817056
8880.797066
8880.777598
8880.758641
8880.740182
8880.722208
8880.704708
8880.687669
8880.671080
8880.654930
8880.639207
8880.623900
8880.609000
8880.594494
8880.580374
8880.566628
8880.553248
8880.540223
8880.527545
8880.515203
8880.503190
8880.491496
8880.480112
8880.469031
8880.458244
8880.447744
8880.437521
8880.427570
8880.417882
8880.408451
8880.399269
8880.390329
8880.381625
8880.373150
8880.364898
8880.356862
8880.349037
8880.341417
8880.333996
8880.326768
8880.319728
8880.312870
8880.306191
8880.299683
8880.293343
8880.287166
8880.281147
8880.275282
8880.269566
8880.263995
8880.258565
8880.253272
8880.248112
8880.243081
8880.238176
8880.233392
8880.228726
8880.224175
8880.219736
8880.215406
8880.211180
8880.207056
8880.203032
8880.199104
8880.195269
8880.191526
8880.187870
8880.184300
8880.180813
8880.177406
8880.174078
8880.170826
8880.167648
8880.164541
8880.161504
8880.158534
8880.155630
8880.152789
8880.150010
8880.147290
8880.144629
8880.142025
8880.139475
8880.136978
8880.134533
8880.132138
8880.128067
8880.124379
8880.120765
8880.117221
8880.113745
