8214.558534
8215.117075
8215.675626
8216.234215
8216.792747
8217.351270
8218.468355
8220.702563
8225.170951
8234.107768
8251.981305
8287.728525
8359.222789
8502.211374
8788.188137
9356.973669
10487.517749
11480.110409
10216.212104
10292.236587
10221.790980
10086.010632
10587.827978
10272.704916
10448.692489
10125.464498
9898.255383
9901.334133
9673.392354
9627.964118
9557.509058
9526.571330
9447.785906
9419.476721
9410.189479
9395.207258
9385.488984
9367.582860
9387.815955
9379.704051
9409.524656
9413.822744
9444.775659
9467.541560
9472.699660
9497.753533
9475.031294
9464.525929
9447.008088
9448.230378
9443.117170
9411.007561
9426.822518
9410.492402
9409.392438
9384.870016
9386.774871
9399.313226
9404.929588
9414.466704
9420.379718
9423.987190
9435.682750
9434.943065
9440.784099
9443.402881
9452.969555
9453.646492
9456.633619
9463.871617
9467.093892
9476.588496
9482.837817
9494.209084
9505.706824
9517.208282
9528.711901
9540.217407
9551.669490
9563.176523
9574.620560
9586.111034
9597.598246
9609.087053
9620.574906
9632.078611
9643.581725
9652.119470
9657.195776
9659.772651
9660.632542
9660.610857
9621.489762
9587.564276
9557.703101
9531.168674
9507.326750
9485.675381
9465.827918
9447.473117
9430.388105
9414.395532
9399.351409
9385.140345
9371.670106
9358.866116
9346.676983
9335.052258
9304.141982
9276.692528
9252.347457
9230.984893
9212.077457
9194.782751
9177.434797
9158.793161
9139.490161
9118.955634
9090.176404
9086.777181
9083.586595
9080.526905
9076.207857
9067.844758
9004.513842
8957.590926
8920.000441
8916.519847
8880.960298
8847.038786
8820.066708
8797.712248
8778.244507
8760.853972
8745.085329
8730.651121
8717.346690
8705.019530
