0.001000
0.002000
0.003000
0.004000
0.005000
0.006000
0.008000
0.012000
0.020000
0.036000
0.068000
0.132000
0.260000
0.516000
1.028000
2.052000
4.100000
6.148000
8.196000
10.244000
12.292000
14.340000
16.388000
18.436000
20.484000
22.532000
24.580000
24.784800
24.805280
24.825760
24.846240
24.866720
24.907680
24.989600
25.153440
25.481120
26.136480
26.791840
28.102560
29.413280
30.724000
32.034720
33.345440
34.656160
35.966880
37.277600
38.588320
39.899040
41.209760
42.520480
43.831200
45.141920
46.452640
47.763360
49.074080
50.384800
51.695520
53.006240
54.316960
55.627680
56.938400
58.249120
59.559840
60.870560
62.181280
63.492000
64.802720
66.113440
67.424160
68.734880
70.045600
71.356320
72.667040
73.977760
75.288480
76.599200
77.909920
79.220640
80.531360
81.842080
83.152800
84.463520
85.774240
87.084960
88.395680
89.706400
91.017120
92.327840
93.638560
94.949280
96.000000
98.000000
100.000000
102.000000
104.000000
106.000000
108.000000
110.000000
112.000000
114.000000
116.000000
118.000000
120.000000
122.000000
124.000000
126.000000
128.000000
130.000000
132.000000
138.000000
144.000000
150.000000
156.000000
162.000000
168.000000
174.000000
180.000000
186.000000
192.000000
193.500000
195.000000
196.500000
198.000000
199.500000
214.500000
229.500000
244.500000
246.000000
261.000000
276.000000
291.000000
306.000000
321.000000
336.000000
351.000000
366.000000
381.000000
396.000000
