8214.558544
8215.117089
8215.675633
8216.234178
8216.792722
8217.351267
8218.468356
8220.702534
8225.170889
8234.107600
8251.981020
8287.727855
8323.474685
8359.221510
8394.968329
8430.715144
8466.461953
8502.208390
8537.954928
8573.701460
8609.447988
8645.194510
8680.941027
8716.687539
8752.491862
8788.272943
8824.054020
8859.834475
8895.615195
8931.395916
8967.176639
9002.957370
9038.629854
9074.438039
9110.220740
9146.003485
9181.786288
9217.569168
9253.352143
9289.135238
9324.918479
9360.701896
9396.485524
9432.269401
9468.053569
9503.838074
9539.622969
9575.408311
9611.194159
9646.980581
9682.767650
9718.555444
9754.344046
9790.133546
9825.951101
9862.120607
9899.030564
9937.043775
9976.461732
10017.565169
10060.582395
10105.707062
10153.088273
10202.816658
10255.029769
10319.968878
10358.825932
10394.624997
10443.508594
10484.168415
10545.069337
10595.304627
10641.754446
10724.495368
10802.643097
10949.481505
10979.208597
11008.762274
11066.903388
11179.790477
11201.296481
11214.475520
10611.032998
10626.986602
10597.175149
10546.015289
10463.638966
10399.507069
10308.367338
10238.396806
10141.970525
10067.497748
9958.787100
9938.095915
9918.674917
9885.264837
9818.339602
9806.427598
9794.832889
9770.858758
9727.970162
9666.274309
9648.360517
9663.871684
9690.493497
9728.126985
9741.504400
9742.274927
9733.147875
9731.075450
9752.615139
9791.907174
9837.478959
9888.083370
9946.858767
10012.219255
10060.511204
10078.456236
10067.999468
10070.894756
9796.644109
9756.773342
9761.705443
9711.061759
9728.581470
9752.038620
9778.096484
9809.805069
9849.162626
9896.182080
9949.204694
10004.343864
9944.878489
9966.738268
9833.492606
9782.083348
9781.101435
9750.288982
9761.244951
9729.886332
9744.491113
9766.217403
9792.171823
9761.146156
9739.690111
9733.126791
9652.951396
9645.784629
9654.178553
9631.383516
9640.276270
9652.778560
9618.068439
9617.228417
9621.646415
9604.418018
9587.570041
9591.530628
9599.187465
9590.325769
9596.546193
9606.096515
9616.930539
9627.034436
9624.256659
9631.158312
9640.479688
9648.381797
9617.477712
9649.357312
9654.047248
9647.677593
9627.846778
9603.293301
9583.215571
9561.052300
9547.376551
9539.580293
9536.312976
9532.876597
9530.127494
9527.975826
9524.398716
9523.029061
9522.176651
9521.522189
9520.992080
9520.542552
9520.146220
9519.785499
9519.448896
9519.128815
9518.820193
9518.519640
9518.224882
9517.934392
9517.647148
9517.362466
9517.079893
9516.799130
9516.519984
9516.242330
9515.966091
9515.691220
9515.417689
9515.145486
9514.874603
9514.605041
9514.336799
9514.069882
9513.804291
9513.540029
9513.277097
9513.015498
9512.755232
9512.496297
9512.238693
9511.982416
9511.727464
9511.473832
9511.221517
9510.970512
9510.720813
9510.472412
9510.225303
9509.979478
9509.734932
9509.491654
9509.249639
9509.008877
9508.769361
9508.531081
9508.294030
9508.058199
9507.823580
9507.590164
9507.357909
9507.126825
9506.896927
9506.668200
9506.440636
9506.213800
9505.987821
9505.762958
9505.539197
9505.316548
9505.095020
9504.874615
9504.655336
9504.436704
9504.218968
9504.002039
9503.780722
9503.556354
9503.332656
9503.110783
9502.881275
9502.664042
9502.449890
9502.231582
9501.997993
9501.671900
9501.332841
9501.001365
9500.669975
9500.339397
9500.010786
9499.684749
9499.361645
9499.041669
9498.724912
9498.411399
9498.101108
9497.793992
9497.489986
9497.189011
9496.890982
9496.595805
9496.303224
9496.013295
9495.725939
9495.441025
9495.158439
9494.878062
9494.599774
9494.323449
9494.048961
9493.776182
9493.506075
9493.236727
9492.968252
9492.700892
9492.434526
9492.169000
9491.904137
9491.639716
9491.375361
9491.110201
9490.840819
9490.558627
9490.245678
9489.918141
9489.644029
9489.403629
9489.159564
9488.912074
9488.662002
9488.410177
9488.157572
9487.905158
9487.653897
9487.404720
9487.158683
9486.916866
9486.674548
9486.439605
9486.213395
9485.996892
9485.791567
9485.599237
9485.421871
9485.261423
9485.119609
9484.998209
9484.898234
9484.816871
9484.712403
9484.580221
9481.830156
9481.447482
9481.001390
9479.313618
9479.553092
9479.559388
9479.580547
9479.662661
9479.808307
9480.022464
9480.309593
9480.673549
9481.117635
9481.644603
9482.256697
9482.955678
9483.742837
9484.619065
9485.584835
9486.640252
9487.784907
9489.014288
9490.331356
9491.734979
9493.223970
9494.796917
9496.405822
9498.097357
9499.867191
9501.713320
9503.633498
9505.625261
9507.686004
9509.813023
9512.003553
9514.254807
9516.564009
9518.928390
9521.345312
9523.812194
9526.316472
9528.867210
9531.460658
9534.094709
9536.767368
9539.476734
9542.220999
9544.998439
9547.790922
9550.619387
9553.475071
9556.349245
9559.207934
9560.348822
9563.105269
9566.003918
9568.960152
9571.948788
9574.960021
9577.987552
9581.015418
9583.956431
9583.106955
9586.429632
9589.620599
9592.744164
9595.742018
9598.518147
9596.813794
9598.731698
9601.617452
9604.637079
9607.691500
9610.737576
9613.800028
9616.870907
9619.949098
9623.032848
9626.114286
9629.156064
9630.849733
9633.353347
9634.078731
9636.136431
9636.663458
9639.123214
9638.996222
9638.071426
9639.854143
9642.668902
9645.257548
9640.085815
9639.690976
9641.641576
9635.373602
9631.339140
9632.029335
9626.888256
9626.370807
9628.369359
9625.536784
9622.593922
9618.470976
9618.252608
9616.118950
9616.692047
9618.188805
9620.375200
9622.750619
9625.132737
9627.140017
9629.012447
9631.423612
9633.842947
9636.275927
9638.714251
9641.156258
9643.601497
9646.049655
9648.500289
9650.952418
9653.401565
9655.818681
9657.666072
9659.267921
9661.609146
9663.929995
9663.460148
9665.242218
9667.594884
9669.963991
9672.026323
9670.384250
9671.385182
9670.973532
9672.697767
9674.981719
9677.208359
9678.277847
9680.201898
9681.302772
9682.880925
9684.574539
9686.798270
9689.073224
9691.215078
9690.904779
9692.807162
9694.957610
9695.656990
9694.334041
9695.212773
9697.179363
9696.586338
9694.192985
9694.339007
9692.967899
9689.209128
9689.583344
9690.640775
9690.140741
9681.428061
9675.136745
9674.281890
9659.813369
9659.561099
9652.947461
9651.569169
9651.376850
9645.065280
9640.600195
9633.166967
9631.298035
9623.910171
9617.832550
9615.064313
9602.981422
9595.932397
9588.772325
9585.874948
9580.119503
9577.288152
9575.774795
9571.963533
9568.912735
9566.161958
9564.758351
9563.229911
9563.157624
9560.210330
9557.151709
9554.603561
9553.253196
9551.969797
9551.267721
9550.262716
9549.503166
9548.125573
9547.297868
9546.580458
9546.204936
9545.710423
9545.137529
9544.851204
9544.719486
9544.614817
9544.051387
9543.733742
9543.592335
9543.523493
9543.432517
9543.093089
9542.903151
9542.817243
9542.757679
9542.684635
9542.441371
9542.305857
9542.242174
9542.098555
9542.016242
9541.978994
9541.961413
9541.952343
9541.946813
9541.941394
9541.850345
9541.799388
9541.776911
9541.766698
9541.761762
9541.759219
9541.757822
9541.757000
9541.756478
9541.756119
9541.755850
9541.755631
9541.755441
9541.755267
9541.755102
9541.754944
9541.754788
9541.754635
9541.754483
9541.754331
9541.754180
9541.754029
9541.753878
9541.753728
9541.753577
9541.753427
9541.753276
9541.753125
9541.752975
9541.752824
9541.752674
9541.752523
9541.752373
9541.752222
9541.752072
9541.751921
9541.751771
9541.751620
9541.751470
9541.751319
9541.751169
9541.751018
9541.750868
9541.750717
9541.750567
9541.750416
9541.750266
9541.750115
9541.749965
9541.749814
9541.749664
9541.749513
9541.749363
9541.749212
9541.749062
9541.748911
9541.748760
9541.748610
9541.748459
9541.748309
9541.748158
9541.748008
9541.747857
9541.745213
9541.743528
9541.742120
9541.740762
9541.739418
9541.738081
9541.736750
9541.735424
9541.734104
9541.732789
9541.731479
9541.730174
9541.728875
