0.001000
0.002000
0.003000
0.004000
0.005000
0.006000
0.008000
0.012000
0.020000
0.036000
0.068000
0.132000
0.196000
0.260000
0.324000
0.388000
0.452000
0.516000
0.580000
0.644000
0.708000
0.772000
0.836000
0.900000
0.964000
1.028000
1.092000
1.156000
1.220000
1.284000
1.348000
1.412000
1.476000
1.540000
1.604000
1.668000
1.732000
1.796000
1.860000
1.924000
1.988000
2.052000
2.116000
2.180000
2.244000
2.308000
2.372000
2.436000
2.500000
2.564000
2.628000
2.692000
2.756000
2.820000
2.884000
2.948000
3.012000
3.076000
3.140000
3.204000
3.268000
3.332000
3.396000
3.460000
3.524000
3.588000
3.594400
3.600800
3.613600
3.626400
3.652000
3.677600
3.703200
3.754400
3.805600
3.908000
3.928480
3.948960
3.989920
4.071840
4.088224
4.104608
4.107885
4.111162
4.114438
4.120992
4.134099
4.147206
4.173421
4.199635
4.252064
4.304493
4.409350
4.430322
4.451293
4.493236
4.577123
4.593900
4.610677
4.644231
4.711340
4.845558
4.979776
5.113993
5.248211
5.516647
5.785082
6.053518
6.321953
6.590388
6.858824
7.127259
7.395695
7.664130
7.932566
8.201001
8.469437
8.737872
9.006308
9.274743
9.543178
9.811614
10.080049
10.348485
10.616920
10.885356
11.153791
11.422227
11.690662
11.959098
12.227533
12.495969
12.764404
13.032839
13.301275
13.569710
13.838146
14.106581
14.375017
14.643452
14.911888
15.180323
15.448759
15.717194
15.985629
16.254065
16.522500
16.790936
17.059371
17.327807
17.596242
17.864678
18.133113
18.401549
18.669984
18.938419
19.206855
19.475290
19.743726
20.012161
20.280597
20.549032
20.817468
21.085903
21.354339
21.622774
21.891209
22.159645
22.428080
22.454924
22.468346
22.495189
22.548876
22.656251
22.763625
22.978373
23.193121
23.407870
23.622618
23.837367
24.052115
24.266863
24.481612
24.696360
24.911108
25.125857
25.340605
25.555353
25.770102
25.984850
26.199599
26.414347
26.629095
26.843844
27.058592
27.273340
27.488089
27.702837
27.917585
28.132334
28.347082
28.561831
28.776579
28.991327
29.206076
29.420824
29.635572
29.850321
30.065069
30.279817
30.494566
30.709314
30.924063
31.138811
31.353559
31.568308
31.783056
31.997804
32.212553
32.427301
32.642049
32.856798
33.071546
33.286295
33.501043
33.715791
33.930540
34.145288
34.360036
34.574785
34.789533
35.004281
35.219030
35.433778
35.648527
35.863275
36.078023
36.292772
36.507520
36.722268
36.937017
37.151765
37.366514
37.581262
37.796010
38.010759
38.225507
38.440255
38.655004
38.869752
39.084500
39.299249
39.513997
39.728746
39.943494
40.158242
40.372991
40.587739
40.802487
41.017236
41.231984
41.446732
41.661481
41.876229
42.090978
42.305726
42.520474
42.735223
42.949971
43.164719
43.379468
43.594216
43.808964
44.023713
44.238461
44.453210
44.667958
44.882706
45.097455
45.312203
45.526951
45.741700
45.956448
46.171196
46.385945
46.600693
46.815442
47.030190
47.244938
47.459687
47.674435
47.889183
48.103932
48.318680
48.533428
48.748177
48.962925
49.177674
49.392422
49.607170
49.821919
50.036667
50.251415
50.466164
50.680912
50.895660
51.110409
51.325157
51.539906
51.754654
51.969402
52.184151
52.398899
52.613647
52.828396
53.043144
53.257893
53.472641
53.687389
53.902138
54.116886
54.331634
54.546383
54.761131
54.975879
55.190628
55.405376
55.620125
55.834873
56.049621
56.264370
56.479118
56.693866
56.908615
57.123363
57.338111
57.552860
57.767608
57.982357
58.197105
58.411853
58.626602
58.841350
59.056098
59.270847
59.485595
59.700343
59.915092
60.129840
60.344589
60.559337
60.774085
60.988834
61.203582
61.418330
61.633079
61.847827
62.062575
62.277324
62.492072
62.706821
62.921569
63.136317
63.351066
63.565814
63.780562
63.995311
64.210059
64.424807
64.639556
64.854304
65.069053
65.283801
65.498549
65.713298
65.928046
66.142794
66.357543
66.572291
66.787039
67.001788
67.216536
67.431285
67.646033
67.860781
68.075530
68.290278
68.505026
68.719775
68.934523
69.149272
69.364020
69.578768
69.793517
70.008265
70.223013
70.437762
70.652510
70.867258
71.082007
71.296755
71.511504
71.726252
71.941000
72.155749
72.370497
72.585245
72.799994
73.014742
73.229490
73.444239
73.658987
73.873736
74.088484
74.303232
74.517981
74.732729
74.947477
75.162226
75.376974
75.591722
75.806471
76.021219
76.235968
76.450716
76.665464
76.880213
77.094961
77.309709
77.524458
77.739206
77.953954
78.168703
78.383451
78.598200
78.812948
79.027696
79.242445
79.457193
79.671941
79.886690
80.101438
80.316186
80.530935
80.745683
80.960432
81.175180
81.389928
81.604677
81.819425
82.034173
82.248922
82.463670
82.678418
82.893167
83.107915
83.322664
83.537412
83.752160
83.966909
84.181657
84.396405
84.611154
84.825902
85.040650
85.255399
85.470147
85.684896
85.899644
86.114392
86.329141
86.543889
86.758637
86.973386
87.188134
87.402883
87.617631
87.832379
88.047128
88.261876
88.476624
88.691373
88.906121
89.120869
89.335618
89.550366
89.765115
89.979863
90.194611
90.409360
90.624108
90.838856
91.053605
91.268353
91.483101
91.697850
91.912598
92.127347
92.342095
92.556843
92.771592
92.986340
93.201088
93.415837
93.630585
93.845333
94.060082
94.274830
94.489579
94.704327
94.919075
95.133824
95.348572
95.563320
95.778069
95.992817
96.000000
96.200000
96.400000
96.600000
96.800000
97.000000
97.200000
97.400000
97.600000
97.800000
98.000000
98.200000
98.400000
98.600000
98.800000
99.000000
99.200000
99.400000
99.600000
99.800000
100.000000
100.200000
100.400000
100.600000
100.800000
101.000000
101.200000
101.400000
101.600000
101.800000
102.000000
102.200000
102.400000
102.600000
102.800000
103.000000
103.200000
103.400000
103.600000
103.800000
104.000000
104.200000
104.400000
104.600000
104.800000
105.000000
105.200000
105.400000
105.600000
105.800000
106.000000
106.200000
106.400000
106.600000
106.800000
107.000000
107.200000
107.400000
107.600000
107.800000
108.000000
108.200000
108.400000
108.600000
108.800000
109.000000
109.200000
109.400000
109.600000
109.800000
110.000000
110.200000
110.400000
110.600000
110.800000
111.000000
111.200000
111.400000
111.600000
111.800000
112.000000
112.200000
112.400000
112.600000
112.800000
113.000000
113.200000
113.400000
113.600000
113.800000
114.000000
114.200000
114.400000
114.600000
114.800000
115.000000
115.200000
115.400000
115.600000
115.800000
116.000000
116.400000
117.200000
118.000000
118.800000
119.600000
120.400000
121.200000
122.000000
122.800000
123.600000
124.400000
125.200000
126.000000
