8214.558525
8215.117051
8215.675576
8216.234102
8216.792627
8217.351152
8218.468203
8220.702304
8225.170507
8234.106912
8251.979722
8287.725335
8359.216541
8502.349666
8788.448003
9361.023633
10509.331920
13401.000975
9521.613369
9888.312760
10633.399924
11165.622998
10594.179224
10384.350068
9949.903053
9963.005773
9719.911804
9680.406352
9603.557126
9588.707766
9533.665437
9533.263069
9501.873052
9518.027053
9487.567418
9494.708834
9484.157743
9502.478738
9471.819500
9437.932317
9441.228453
9458.164430
9441.964269
9437.067925
9419.657542
9413.845929
9417.092014
9414.078249
9413.169810
9393.149174
9387.979314
9385.526134
9378.821830
9364.439831
9368.183160
9360.858061
9358.779799
9358.732921
9363.535741
9359.918750
9343.910412
9341.953361
9330.364370
9328.432610
9321.883331
9320.395802
9316.635174
9315.802668
9307.555299
9306.496833
9305.352464
9300.096125
9298.456142
9297.548865
9294.037665
9292.816154
9292.183943
9291.324114
9287.597650
9286.546574
9285.989392
9284.537018
9284.232454
9284.039315
9283.736899
9282.104301
9281.905566
9281.802483
9280.820522
9280.606707
9280.243391
9280.062490
9279.943341
9279.841489
9279.745175
9279.651687
9279.560417
9279.471218
9279.384040
9279.298850
9279.215619
9279.134315
9279.054908
9278.977365
9278.901655
9278.827745
9278.755602
9278.685194
9278.616541
9278.549515
9278.484122
9278.420331
9278.358111
9278.297429
9278.238253
9278.180550
9278.124288
9278.069434
9278.015958
9277.963826
9277.913006
9277.863466
9277.815172
9277.768090
9277.722183
9277.677409
9277.633715
9277.591023
9277.549184
9277.507783
9277.463548
9277.400164
9276.886013
9276.792401
9276.746792
9276.705647
9276.665923
9276.627473
9276.590287
9276.554339
9276.519596
9276.486017
9276.453564
9276.422197
9276.391878
9276.362569
9276.334234
9276.306838
9276.280348
9276.254729
9276.229951
9276.205982
9276.182794
9276.160357
9276.138643
9276.117627
9276.097283
9276.077585
9276.058510
9276.040036
9276.022139
9276.004799
9275.987995
9275.971707
9275.955917
9275.940606
9275.925756
9275.911352
9275.897375
9275.883811
9275.870645
9275.857862
9275.845449
9275.833391
9275.821676
9275.810292
9275.799227
9275.788470
9275.778008
9275.767833
9275.757934
9275.748301
9275.738924
9275.729795
9275.720905
9275.712246
9275.703810
9275.695589
9275.687576
9275.679764
9275.672145
9275.664714
9275.657464
9275.650389
9275.643483
9275.636741
9275.630157
9275.623726
9275.617443
9275.611304
9275.605303
9275.599436
9275.593700
9275.588090
9275.582602
9275.577232
9275.571976
9275.566832
9275.561795
9275.556863
9275.550263
9275.544071
9275.538006
9275.532061
9275.526233
