8214.559105
8215.118210
8215.677315
8216.236420
8216.795525
8217.354630
8218.472839
8220.709259
8225.182099
8234.127780
8252.019146
8287.801901
8359.367533
8502.500837
8788.789404
9361.877501
10768.218214
9076.133479
9088.008839
9588.271127
10194.213770
9287.297058
9543.068259
9715.969536
9399.379041
9104.499347
9018.253336
8868.751843
8819.767517
8837.786710
8591.003039
8579.504701
8586.515610
8605.550043
8615.264274
8632.147987
8641.580379
8658.194329
8666.411334
8672.289958
8684.886223
8682.394077
8683.659228
8685.414974
8685.832912
8694.326058
8692.302610
8699.097752
8709.706993
8701.036147
8701.272038
8709.207520
8705.315413
8710.275956
8718.705364
8713.817666
8706.880944
8714.677403
8720.417265
8722.075409
8725.742335
8710.843302
8709.340308
8700.244358
8698.597758
8689.638778
8686.219212
8685.275005
8678.416066
8677.938348
8677.553194
8673.698794
8669.400341
8668.525264
8668.155294
8666.976525
8665.395565
8665.134466
8665.031087
8664.869954
8662.778455
8662.651227
8662.575305
8661.971541
8660.868048
8660.750027
8660.681810
8660.619229
8660.560806
8660.506292
8660.455448
8660.408030
8660.363800
8660.322528
8660.284000
8660.248012
8660.214376
8660.182912
8660.153456
8660.125852
8660.099953
8660.075622
8660.052722
8660.031115
8660.010627
8659.990929
8659.970265
8659.668512
8659.582821
8659.539359
8659.513580
8659.497069
8659.485492
8659.476528
8659.468940
8659.462055
8659.455476
8659.448864
8659.441328
8659.128974
8659.094648
8659.085679
8659.079261
8659.073420
8659.067780
8659.062223
8659.056714
8659.051239
8659.045796
8659.040384
8659.035003
8659.029652
8659.024332
8659.019043
8659.013784
8659.008555
8659.003356
8658.998188
8658.993049
8658.987940
8658.982860
8658.977810
8658.972789
8658.967797
8658.962834
8658.957899
8658.952994
8658.948116
8658.943267
8658.938446
8658.933653
8658.928888
8658.924150
8658.919440
8658.914757
8658.910102
8658.905473
8658.900872
8658.896297
8658.891749
8658.887227
8658.882731
8658.878262
8658.873818
8658.869401
8658.865009
8658.860643
8658.856302
8658.851986
8658.847696
8658.843430
8658.839190
8658.834974
8658.830782
8658.826615
8658.822473
8658.818354
8658.814259
8658.810189
8658.806142
8658.802118
8658.798118
8658.794141
8658.790188
8658.786257
8658.782350
8658.778465
8658.774603
8658.770763
8658.766945
8658.763150
8658.759377
8658.755626
8658.751897
8658.748189
8658.744503
8658.740838
8658.737195
8658.733573
8658.729972
8658.726392
8658.722833
8658.719294
8658.715776
8658.712278
8658.708801
8658.705344
8658.701906
8658.698489
8658.695092
8658.691714
8658.688356
8658.685017
8658.680205
8658.675630
8658.671100
8658.666611
8658.662165
