8214.558381
8215.116762
8215.675144
8216.233525
8216.791906
8217.350287
8218.467050
8220.700575
8225.167624
8234.101723
8251.969920
8287.706307
8359.179063
8502.257900
8788.247420
9356.470438
10489.463658
9624.990626
9516.580752
9888.517870
10632.750436
11170.689929
10311.771885
10206.738812
9962.373574
10049.470812
9757.177319
9726.989411
9515.166579
9523.421611
9473.398158
9457.165579
9443.984117
9457.429659
9445.441281
9446.863666
9466.841336
9456.463439
9443.221706
9441.966958
9442.217074
9434.696806
9435.429462
9412.532382
9413.055862
9401.637272
9413.935002
9419.340887
9392.513032
9389.549352
9392.096429
9392.803245
9385.490655
9373.243577
9365.455707
9365.770251
9362.960293
9364.709650
9375.281533
9375.695749
9379.920498
9379.748762
9334.320155
9303.060758
9277.058301
9254.277583
9233.895773
9216.711246
9201.284989
9185.748223
9171.475511
9158.187748
9145.531408
9132.893625
9120.190410
9107.368535
9093.434258
9079.265106
9067.765845
9053.159114
9020.292237
8988.804519
8950.116520
8912.064072
8878.577075
8850.878629
8828.160281
8805.735464
8785.784596
8767.901820
8751.783779
8737.331886
8724.274268
8712.361605
8701.396655
8691.229472
8681.745351
8672.854794
8664.486355
8656.581767
8649.092623
8641.978082
8635.203239
8628.737940
8622.555908
8616.634060
8610.951994
8605.491572
8600.236589
8595.172506
8590.286225
8585.565908
8581.000824
8576.581213
8572.298179
8568.143595
8564.110020
8560.190625
8556.379135
8552.669771
8549.057204
8545.536512
8542.103142
8538.752873
8535.481794
8532.286269
8529.162917
8526.108588
8523.120346
8520.195449
8517.331333
8514.525599
8511.775997
8509.080417
8506.436877
8503.843510
8501.298561
8498.800373
8496.347381
8493.938107
8491.571152
8489.245190
8486.958963
8484.711276
8482.500993
8480.327034
8478.188368
8476.084012
8474.013027
8471.974515
8469.967619
8467.991515
8466.045414
8464.128561
8462.240227
8460.379714
8458.546350
8456.739487
8454.958501
8453.202790
8451.471773
8449.764891
8448.081601
8446.421379
8444.783719
8443.168129
8441.574136
8440.001277
8438.449107
8436.917192
8435.405114
8433.912463
8432.438844
8430.983873
8429.547174
8428.128385
8426.727152
8425.343131
8423.975988
8422.625397
8421.291041
8419.972612
8418.669808
8417.382336
8416.109911
8414.852256
8413.609098
8412.380173
8411.165223
8409.963997
8408.776250
8407.601741
8406.440238
8405.291512
8404.155341
8403.031507
8401.919798
8400.820008
8399.731934
8398.655378
8397.590147
8396.536053
8395.492912
8394.460543
8393.438770
8392.427422
8391.426331
8390.435331
8389.454263
8388.482968
8387.521295
8386.569092
8385.626212
8383.241901
8381.430535
8379.962380
8378.701394
8377.570213
