8214.559081
8215.118161
8215.677242
8216.236323
8216.795403
8217.354484
8218.472645
8220.708968
8225.181613
8234.126904
8252.017483
8287.798637
8359.359898
8502.334505
8788.600022
9361.262439
10512.119217
10541.507262
10647.995567
9833.213285
9803.093104
9730.540370
9667.461873
9574.648793
9505.083870
9415.142543
9352.002866
9275.137466
9224.415050
9168.312030
9121.138510
9110.919086
9112.270690
9117.209517
9128.618364
9148.370520
9172.471053
9221.920192
9299.530641
9424.447978
9628.323111
10148.924327
10607.822326
10158.352087
10243.929587
10441.446601
10365.132037
9819.555089
9895.466915
9584.287710
9387.619218
9459.157037
9375.045637
9304.849904
9254.646726
9203.681962
9149.806338
9114.453194
9072.527894
9045.878489
9015.598097
8986.329762
8971.906413
8956.764917
8953.296403
8945.440383
8943.570603
8942.325901
8943.602323
8944.949345
8949.197076
8954.684651
8962.963617
8973.371858
8984.534970
8997.807509
9012.140771
9026.979473
9042.185527
9057.556937
9072.779537
9087.708810
9098.761569
9113.978753
9129.254987
9143.916114
9134.203713
9139.704806
9153.276961
9159.501132
9165.286116
9163.707988
9165.088680
9147.157453
9148.577184
9132.668452
9132.327966
9132.649539
9140.137075
9135.532408
9140.076000
9138.338057
9146.987253
9149.981327
9146.609366
9147.464680
9146.928594
9152.218875
9139.430320
9137.735501
9120.438565
9116.723581
9105.039734
9104.059461
9099.569010
9092.543911
9084.291561
9082.451184
9075.923071
9074.939337
9073.522831
9071.576801
9069.270804
9065.510169
9064.830691
9063.478788
9055.098724
9053.997932
9050.339084
9049.724334
9048.644683
9047.213297
9046.344747
9045.094832
9041.895050
9037.919046
9036.996481
9035.915119
9034.217320
9032.295879
9031.560908
9031.078980
9030.103015
9029.453323
9029.064294
9028.738029
9026.438019
9025.651981
9025.257205
9025.000191
9024.814334
9024.669652
9024.522530
9023.791439
9023.386181
9022.980214
9022.707242
9022.545178
9022.425763
9022.291679
9021.424121
9021.266819
9021.194870
9021.134395
9021.078051
9021.002919
9020.197414
9020.076114
9020.038039
9020.009221
9019.983876
9019.960841
9019.937231
9019.873214
9019.190192
9019.096590
9019.073962
9019.036808
9018.349987
9018.251714
9018.236900
9018.229983
9018.224192
9018.218838
9018.213518
9018.206543
9017.942115
9017.853869
9017.806813
9017.772534
9017.743419
9017.716584
9017.690830
9017.665652
9017.640843
9017.616317
9017.592039
9017.567994
9017.544178
9017.520586
9017.497219
9017.474075
9017.451153
9017.428453
9017.405973
9017.383712
9017.361670
9017.339845
9017.318236
9017.296841
9017.275661
9017.254693
9017.233936
9017.213389
9017.193050
9017.172919
9017.152994
9017.133273
9017.113755
9017.094440
9017.075324
9017.056408
9017.037690
9017.019167
9017.000840
9016.982706
9016.964763
9016.947012
9016.929449
9016.912074
9016.894885
9016.877881
9016.861059
9016.844420
9016.827961
9016.811680
9016.795577
9016.779649
9016.763896
9016.748315
9016.732906
9016.717666
9016.702595
9016.687691
9016.672952
9016.658376
9016.643963
9016.629711
9016.615619
9016.601684
9016.587905
9016.574282
9016.560812
9016.547494
9016.534326
9016.521308
9016.508437
9016.495712
9016.483133
9016.470696
9016.458401
9016.446247
9016.432291
9016.419010
9016.405899
9016.392950
9016.380160
