0.001000
0.002000
0.003000
0.004000
0.005000
0.006000
0.008000
0.012000
0.020000
0.036000
0.068000
0.132000
0.260000
0.516000
1.028000
2.052000
4.100000
4.120480
4.122528
4.124576
4.126624
4.130720
4.134816
4.143008
4.151200
4.167584
4.183968
4.216736
4.249504
4.315040
4.446112
4.708256
4.839328
5.101472
5.363616
5.625760
5.887904
6.412192
6.936480
7.985056
9.033632
11.130784
13.227936
15.325088
17.422240
19.519392
21.616544
23.713696
25.810848
27.908000
30.005152
32.102304
32.123276
32.133761
32.144247
32.165219
32.207162
32.249105
32.332991
32.416877
32.584649
32.920193
33.255738
33.926826
34.597915
35.940092
37.282269
38.624447
39.966624
41.308801
42.650979
43.993156
45.335333
46.677510
48.019688
49.361865
50.704042
52.046220
53.388397
54.730574
56.072751
57.414929
58.757106
60.099283
61.441460
62.783638
64.125815
65.467992
66.810170
68.152347
69.494524
70.836701
72.178879
73.521056
74.863233
76.205411
77.547588
78.889765
80.231942
81.574120
82.916297
84.258474
85.600652
86.942829
88.285006
89.627183
90.969361
92.311538
93.653715
94.995892
96.000000
98.000000
100.000000
102.000000
104.000000
106.000000
108.000000
110.000000
112.000000
114.000000
116.000000
118.000000
120.000000
122.000000
124.000000
126.000000
128.000000
130.000000
132.000000
134.000000
136.000000
138.000000
140.000000
142.000000
144.000000
146.000000
148.000000
150.000000
152.000000
154.000000
156.000000
158.000000
160.000000
162.000000
164.000000
166.000000
168.000000
170.000000
172.000000
174.000000
176.000000
178.000000
180.000000
182.000000
184.000000
186.000000
188.000000
190.000000
192.000000
194.000000
196.000000
198.000000
200.000000
202.000000
204.000000
206.000000
208.000000
210.000000
212.000000
214.000000
216.000000
218.000000
220.000000
222.000000
224.000000
226.000000
228.000000
230.000000
232.000000
234.000000
236.000000
238.000000
240.000000
242.000000
244.000000
246.000000
248.000000
250.000000
252.000000
254.000000
256.000000
258.000000
260.000000
262.000000
264.000000
266.000000
268.000000
270.000000
272.000000
274.000000
276.000000
278.000000
280.000000
282.000000
284.000000
286.000000
288.000000
290.000000
292.000000
294.000000
296.000000
298.000000
300.000000
302.000000
304.000000
306.000000
308.000000
310.000000
312.000000
314.000000
316.000000
318.000000
320.000000
322.000000
324.000000
326.000000
328.000000
330.000000
332.000000
334.000000
336.000000
338.000000
340.000000
342.000000
344.000000
346.000000
348.000000
350.000000
352.000000
354.000000
356.000000
358.000000
360.000000
362.000000
364.000000
366.000000
368.000000
370.000000
372.000000
374.000000
376.000000
378.000000
380.000000
382.000000
384.000000
386.000000
388.000000
390.000000
392.000000
394.000000
396.000000
398.000000
400.000000
402.000000
404.000000
406.000000
408.000000
