8214.558545
8215.117090
8215.675635
8216.234180
8216.792725
8217.351269
8218.468358
8220.702536
8225.170893
8234.107606
8251.981030
8287.727873
8359.221539
8502.208789
8788.182958
9360.129974
10504.335098
12791.738671
15487.387446
12989.694163
13227.455556
13190.647004
13062.603892
12809.827543
12614.939563
12342.708588
12148.586912
11902.525235
11734.432088
11536.485516
11347.052042
11231.828042
11187.628213
11186.177737
11204.376245
11244.976058
11292.762104
11335.899822
11361.156636
11380.801294
11350.595884
11288.268992
11251.208385
11251.581272
11273.886661
11392.363158
11772.850053
12001.637040
12896.830460
11464.404412
11474.699954
11594.751422
11862.848752
11350.224919
11405.651136
11440.773979
11315.804038
11192.486461
11101.487251
11025.701223
10949.918332
10878.923672
10864.434087
10850.462166
10839.073240
10833.428004
10831.959463
10821.931809
10803.314095
10785.067939
10767.808913
10752.264311
10741.213618
10736.542357
10728.461922
10729.994498
10731.215238
10730.391521
10730.536847
10731.473354
10733.263014
10736.543546
10737.386268
10738.817507
10742.443843
10742.735624
10743.572392
10745.305710
10748.340058
10754.316920
10762.256698
10769.509016
10766.285393
10767.696523
10768.920964
10770.583546
10768.432495
10766.354489
10773.161964
10769.591081
10771.286771
10771.409231
10769.753886
10772.589706
10777.384428
10782.637776
10787.515549
10791.210171
10793.302816
10796.269174
10799.813345
10796.259509
10789.557218
10782.022374
10769.574537
10766.241619
10761.726219
10758.231853
10755.677588
10753.422352
10750.792638
10748.717984
10748.597082
10745.578647
10744.899802
10744.246955
10745.611439
10747.341015
10750.832357
10752.468911
10746.521949
10758.854880
10754.887194
10756.029538
10755.254658
10755.990184
10758.698262
10764.351828
10772.835034
10765.586957
10766.797565
10766.375593
10766.987034
10769.233766
10772.073659
10772.258399
10747.952733
10712.170926
10694.620618
10680.631031
10667.394545
10657.565432
10650.727286
10645.216379
10641.008322
10637.388312
10633.567997
10630.269858
10627.345744
10624.706534
10622.301439
10620.094389
10618.057385
10616.167907
10614.407548
10612.761088
10611.215797
10609.760936
10608.387360
10607.087227
10605.853760
10604.681066
10603.563989
10602.497995
10601.475923
10600.489167
10599.537962
10598.621930
10597.736803
10596.884549
10596.060177
10595.262778
10594.271731
10593.302491
10592.382263
10591.498015
10590.637170
10589.803141
10588.995806
10588.213132
10587.453658
10586.716139
10585.997665
10585.298639
10584.618071
10583.955059
10583.308755
10582.390933
10581.618823
10580.907799
10580.234678
10579.589980
