8214.558545
8215.117091
8215.675636
8216.234182
8216.792727
8217.351273
8218.468364
8220.702545
8225.170909
8234.107636
8251.981088
8287.727987
8359.221764
8502.209236
8788.269048
9356.720336
10486.741818
11161.271523
10212.179545
11106.759045
10642.088329
10445.444942
10436.080325
9917.702416
9784.107074
9809.718374
9738.457808
9734.139504
9619.159499
9595.943719
9588.885686
9614.476124
9577.228177
9522.701535
9502.445765
9493.478606
9510.311299
9458.997161
9474.618205
9471.196494
9466.447865
9462.651540
9419.499206
9428.772732
9420.671710
9418.621059
9414.898509
9414.834172
9410.077715
9408.640927
9405.648114
9392.965753
9376.900015
9374.247268
9366.482018
9368.713038
9364.418669
9357.260970
9365.147417
9369.462914
9371.178479
9352.632594
9307.173085
9271.797110
9240.714013
9216.080636
9194.726522
9176.357393
9159.074178
9143.725406
9128.805478
9114.471480
9100.281826
9085.742597
9070.349105
9058.125767
9041.167699
9005.075626
8968.681782
8924.352066
8883.661261
8849.326626
8821.746227
8796.329838
8773.555509
8753.582491
8735.636615
8719.714838
8705.487924
8692.639115
8680.918086
8670.135423
8660.147804
8650.844659
8642.138685
8633.959394
8626.248771
8618.958269
8612.046716
8605.478784
8599.223874
8593.255263
8587.549445
8582.085626
8576.845303
8571.811943
8566.970705
8562.308221
8557.812408
8553.472313
8549.277978
8545.220328
8541.291075
8537.482631
8533.788036
8530.200898
8526.715331
8523.325909
8520.027622
8516.815837
8513.686263
8510.634920
8507.658114
8504.752407
8501.914601
8499.141712
8496.430954
8493.779726
8491.185590
8488.646264
8486.159605
8483.723602
8481.336362
8478.996103
8476.701145
8474.449902
8472.240875
8470.072647
8467.943873
8465.853280
8463.799658
8461.781859
8459.798789
8457.849406
8455.932717
8454.047775
8452.193674
8450.369550
8448.574572
8446.807949
8445.068920
8443.356754
8441.670751
8440.010237
8438.374564
8436.763110
8435.175273
8433.610475
8432.068159
8430.547786
8429.048837
8427.570809
8426.113218
8424.675594
8423.257485
8421.858451
8420.478066
8419.115920
8417.771613
8416.444759
8415.134982
8413.841919
8412.565216
8411.304532
8410.059533
8408.829896
8407.615309
8406.415465
8405.230068
8404.058830
8402.901471
8401.757719
8400.627308
8399.509980
8398.405485
8397.313578
8396.234021
8395.166582
8394.111037
8393.067165
8392.034752
8391.013590
8390.003475
8389.004209
8388.015600
8387.037459
8386.069602
8385.111851
8384.164030
8383.225970
8382.297504
8381.378471
8380.468712
8379.568072
8378.676401
8377.793552
8376.919381
8376.053747
8375.196515
8374.347550
8373.506721
8372.673900
8371.848964
8369.581081
8367.884869
8366.530502
8365.381941
8364.361843
