8214.558703
8215.117406
8215.676109
8216.234812
8216.793515
8217.352218
8218.469623
8220.704435
8225.174059
8234.113305
8251.991796
8287.748774
8359.262708
8502.290494
8788.430995
9357.039485
10487.374858
11161.345852
10212.564581
11107.291580
10641.977614
10445.063152
10346.011136
10169.176952
10052.487513
10049.623376
9915.363946
9941.469891
9735.183522
9716.456082
9605.184266
9546.371081
9531.096811
9543.021728
9544.396599
9506.492791
9468.336252
9473.402182
9468.513922
9436.376498
9426.171761
9412.671779
9396.037979
9396.921633
9399.392291
9392.541651
9403.120801
9372.313018
9365.196532
9376.778358
9382.748448
9395.936952
9391.087999
9385.844614
9395.449214
9393.683775
9399.914547
9389.370435
9372.509558
9378.438693
9380.921599
9361.105644
9355.146069
9354.423642
9354.180910
9353.860422
9346.833452
9345.675808
9343.689023
9339.196255
9334.129745
9332.945735
9332.436959
9332.076911
9330.262056
9329.892650
9329.733189
9329.541756
9327.368505
9327.049192
9326.850098
9326.666633
9326.494655
9326.333547
9326.182787
9326.041859
9325.910252
9325.787463
9325.672999
9325.566380
9325.467135
9325.374811
9325.288972
9325.209200
9325.135092
9325.066259
9325.002317
9324.942870
9324.887454
9324.835234
9324.779362
9324.453349
9323.828639
9323.554371
9323.450301
9323.412679
9323.399143
9323.394081
9323.391966
9323.390871
9323.390129
9323.389508
9323.388929
9323.388365
9323.387806
9323.387249
9323.386692
9323.386135
9323.385579
9323.385023
9323.384466
9323.383910
9323.383353
9323.382797
9323.382240
9323.381684
9323.381127
9323.380571
9323.380015
9323.379458
9323.378902
9323.378345
9323.377789
9323.377232
9323.376676
9323.376120
9323.375563
9323.375007
9323.374450
9323.373894
9323.373337
9323.372781
9323.372225
9323.371668
9323.371112
9323.370555
9323.369999
9323.369443
9323.368886
9323.368330
9323.367773
9323.367217
9323.366661
9323.366104
9323.365548
9323.364991
9323.364435
9323.363879
9323.363322
9323.362766
9323.362210
9323.361653
9323.361097
9323.360540
9323.359984
9323.359428
9323.358871
9323.358315
9323.357759
9323.357202
9323.356646
9323.356090
9323.355533
9323.354977
9323.354421
9323.353864
9323.353308
9323.352752
9323.352195
9323.351639
9323.351083
9323.350526
9323.349970
9323.349414
9323.348857
9323.348301
9323.347745
9323.347188
9323.346632
9323.346076
9323.345519
9323.344963
9323.344407
9323.343850
9323.343294
9323.342738
9323.342181
9323.341625
9323.341069
9323.340513
9323.339956
9323.339400
9323.338844
9323.338287
9323.337731
9323.337175
9323.336618
9323.336062
9323.335506
9323.334950
9323.334393
9323.333837
9323.333281
9323.330933
9323.328805
9323.326707
9323.324638
9323.322596
