8214.558703
8215.117406
8215.676109
8216.234812
8216.793515
8217.352218
8218.469623
8220.704435
8225.174059
8234.113305
8251.991796
8287.748774
8359.262708
8502.290494
8788.430995
9357.039485
10487.374858
11161.345852
10212.564581
11107.291580
10641.977614
10445.063152
10346.011136
10169.176952
10052.487513
10049.623376
9915.363946
9941.469891
9735.183522
9708.973435
9584.058718
9549.330761
9519.290457
9514.284775
9487.396944
9497.517338
9480.239263
9504.389721
9489.405189
9475.008325
9453.409155
9433.268898
9423.954439
9426.800025
9407.215253
9405.127833
9378.326982
9379.418465
9387.174636
9383.790700
9379.060691
9378.487921
9371.941130
9369.843486
9378.952741
9378.019133
9359.079804
9361.050823
9370.095185
9362.868547
9363.172785
9353.684530
9352.654288
9344.298228
9343.154723
9335.483699
9334.611550
9327.653669
9326.796158
9326.430413
9323.016056
9321.800100
9318.104372
9317.618649
9317.404043
9317.248931
9315.527357
9315.175784
9315.005409
9314.862390
9314.706406
9314.521348
9313.834992
9313.651743
9313.507734
9313.371971
9313.243452
9313.121936
9313.007139
9312.898810
9312.796599
9312.700241
9312.609457
9312.523976
9312.443532
9312.367866
9312.296729
9312.229880
9312.167087
9312.108127
9312.052786
9312.000859
9311.952150
9311.906474
9311.863652
9311.823516
9311.785905
9311.750667
9311.717658
9311.686742
9311.657789
9311.630674
9311.605284
9311.581509
9311.559244
9311.538392
9311.518862
9311.500564
9311.483413
9311.467325
9311.452215
9311.437980
9311.424471
9311.411312
9311.395643
9311.125056
9311.049290
9311.009796
9310.983607
9310.965665
9310.953133
9310.943725
9310.931049
9310.540825
9310.494069
9310.485459
9310.482334
9310.480840
9310.479954
9310.479301
9310.478734
9310.478198
9310.477671
9310.477144
9310.476616
9310.476084
9310.475549
9310.475011
9310.474470
9310.473926
9310.473380
9310.472832
9310.472282
9310.471730
9310.471176
9310.470621
9310.470064
9310.469506
9310.468947
9310.468387
9310.467825
9310.467263
9310.466700
9310.466137
9310.465572
9310.465007
9310.464442
9310.463876
9310.463309
9310.462742
9310.462175
9310.461607
9310.461039
9310.460471
9310.459902
9310.459333
9310.458764
9310.458195
9310.457626
9310.457056
9310.456486
9310.455916
9310.455346
9310.454776
9310.454206
9310.453635
9310.453065
9310.452494
9310.451924
9310.451353
9310.450782
9310.450212
9310.449641
9310.449070
9310.448499
9310.447928
9310.447357
9310.446786
9310.446215
9310.445644
9310.445072
9310.444501
9310.443930
9310.443359
9310.442788
9310.442217
9310.441645
9310.441074
9310.440503
9310.439932
9310.439360
9310.438789
9310.438218
9310.435890
9310.433799
9310.431739
9310.429707
9310.427701
