8214.558703
8215.117406
8215.676109
8216.234812
8216.793515
8217.352218
8218.469623
8220.704435
8225.174059
8234.113305
8251.991796
8287.748774
8359.262708
8502.290494
8788.430995
9357.039485
10487.374858
11161.345852
10212.564581
11107.291580
10641.977614
10445.063152
10346.011136
10169.176952
10052.487513
10049.623376
9915.363946
9941.469891
9735.183522
9616.055330
9477.220087
9373.928545
9316.743785
9292.973592
9252.765525
9237.508112
9226.980250
9199.595380
9181.748232
9175.019373
9167.620745
9169.981394
9169.502069
9166.772028
9163.561711
9166.760328
9169.577197
9174.958888
9183.205143
9193.642360
9208.530588
9225.503470
9243.708294
9262.970652
9282.960877
9303.297269
9318.695639
9336.122661
9356.458393
9375.623764
9388.558908
9408.870473
9415.601175
9434.924029
9453.508047
9473.428821
9482.682919
9502.094111
9502.319001
9520.309522
9528.331622
9540.151149
9527.987130
9519.640903
9535.884224
9545.126381
9517.949263
9515.994603
9472.827098
9472.664066
9442.493928
9432.014054
9420.941813
9407.333055
9391.880503
9384.930504
9378.285799
9371.154364
9364.153615
9355.802517
9345.232970
9332.007562
9321.060884
9312.033275
9303.919866
9296.491502
9289.599015
9283.170493
9277.127477
9271.407052
9265.957946
9260.738245
9255.713691
9250.856462
9246.140749
9241.539809
9237.044899
9232.623019
9228.203033
9223.813591
9219.465164
9215.167739
9210.847678
9206.595311
9202.386382
9198.233983
9194.131225
9190.045521
9185.974269
9181.953508
9177.970740
9174.009959
9170.187124
9166.044431
9162.107067
9158.011312
9153.994867
9150.040332
9146.130030
9142.235272
9138.374246
9134.554745
9130.778684
9127.044692
9123.331789
9119.659393
9116.031034
9112.455412
9108.942758
9105.506322
9102.150426
9098.880836
9095.670637
9092.545445
9089.499324
9086.498075
9083.526664
9080.653066
9077.872074
9075.122351
9072.430551
9069.710245
9066.807358
9063.937039
9061.171071
9058.536634
9056.030489
9053.645311
9051.374260
9049.186501
9047.039086
9044.964922
9042.981305
9041.084427
9039.267082
9037.516495
9035.746463
9033.931992
9032.174131
9030.466910
9028.349933
9024.832116
9022.193077
9020.166654
9017.997788
9015.873842
9013.790088
9011.757532
9009.757893
9007.803932
9005.870421
9003.977171
9002.117619
9000.266968
8998.282491
8996.199027
8994.078402
8991.961186
8989.425754
8985.958994
8982.494038
8979.217702
8976.135124
8973.212722
8970.419017
8967.729967
8965.127771
8962.598731
8960.130569
8957.715166
8955.343681
8953.010312
8950.710025
8948.439084
8946.194792
8943.975117
8941.778395
8939.603152
8937.448010
8935.311640
8933.192748
8931.087616
8928.996036
8926.917440
8924.850312
8922.793042
8920.744367
8918.701550
8916.643947
8914.592625
8912.558142
8910.534674
8908.515126
8906.495190
8904.473026
8902.448113
8900.420704
8898.391363
8896.360525
8892.008024
8887.778357
8883.691177
8879.739154
8875.907953
