8219.583853
8225.167705
8230.751558
8236.335410
8241.919262
8247.503114
8258.670818
8281.006223
8325.677026
8415.018599
8593.701617
8951.067140
9665.796132
10380.515456
11710.072996
13131.781717
13137.931437
12532.967314
12550.203643
12574.381220
12597.579206
12595.845434
12578.676552
12555.352145
12500.121844
12447.839544
12400.107480
12319.747283
12252.664040
12195.566661
12107.619981
12036.771034
11977.507679
11887.301977
11814.462512
11752.492744
11653.334697
11568.252870
11421.316455
11286.122182
11223.792959
11113.970393
11035.653620
10997.840725
11018.143395
11072.614137
11121.872018
11161.154905
11191.954768
11220.147797
11247.541662
11274.619567
11303.949503
11357.177861
11377.387652
11394.175823
11406.015170
11407.148112
11388.568557
11347.371150
11296.860132
11258.995274
11242.670852
11243.869812
11279.393104
11458.311349
11506.377484
11829.486080
12841.328430
11889.035932
11876.092888
11784.960273
12143.547808
11514.222039
11509.518573
11550.749780
11297.939699
11197.894977
11249.581585
11074.108987
11148.464665
11124.738444
11119.846982
11181.975058
11200.800941
11173.381013
11162.319608
11139.101766
11095.525362
11087.447901
11038.694877
11052.988939
11066.796262
11055.627118
11043.155634
11070.964556
11085.671936
11063.085127
11057.445153
11082.179231
11038.713068
11048.935446
11058.054308
11079.282478
11062.885107
11065.841169
11025.261703
11040.953357
11024.027216
11030.509458
11015.436715
10992.849693
11005.703710
10999.123927
10992.250149
10976.228227
10978.751694
10966.882771
10835.864975
10749.542476
10681.332034
10592.922305
10169.569726
9900.087185
9738.801740
9643.158091
9586.683423
9553.343865
9533.589508
9521.786954
9514.630945
9510.187276
9507.324826
9505.381495
9503.968768
9502.857712
9501.912584
9501.052180
9500.227338
9499.407825
9498.574682
9497.715750
9496.823032
9495.891145
9494.916386
9493.896177
9492.828718
9491.712778
9490.547548
9489.332555
9488.067591
9486.752670
9485.387994
9483.973918
9482.510937
9480.999659
9479.440795
9477.835143
9476.183576
9474.487032
9472.746507
9470.963043
9469.137726
9467.271674
9465.366035
9463.421981
9461.440700
9459.423400
9457.371294
9455.285605
9453.167560
9451.018386
9448.839308
9446.631548
9444.396320
9442.134831
9439.848277
9437.537841
9435.204694
9432.849992
9430.474874
9428.080462
9425.667860
9423.238153
9420.792407
9418.331666
9415.856955
9413.369276
9410.869609
9408.358915
9405.838127
9403.308161
9400.769908
9398.224235
9395.671988
9393.113990
9390.551041
9387.983918
9385.413377
9382.840151
9380.264949
9377.688462
9375.111357
9372.534280
9369.957856
9367.382690
9364.809367
9362.238450
9359.670485
9357.105997
9354.545493
9351.989460
9349.438369
9346.892673
9344.352805
9341.819185
9339.292213
9336.772275
9334.259740
9331.754963
9329.258283
9326.770024
9324.290496
9321.819997
9319.358809
9316.907203
9314.465435
9312.033751
9309.612384
9307.201554
9304.801472
9302.412338
9300.034338
9297.667652
9295.312447
9292.968883
9290.637107
9288.317260
9286.009473
9283.713869
9281.430563
9279.159660
9276.901260
9274.655454
9272.422327
9270.201956
9267.994411
9265.799757
9263.618051
9261.449347
9259.293690
9257.151120
9255.021674
9252.905382
9250.802267
9248.712352
9246.635652
9244.572178
9242.521937
9240.484933
9238.461164
9236.450626
9234.453311
9232.469206
9230.498297
9228.540566
9226.595990
9224.664547
9221.333727
9218.602654
9216.221422
9214.042317
9211.983611
