8214.558545
8215.117090
8215.675635
8216.234180
8216.792725
8217.351269
8218.468358
8220.702536
8225.170893
8234.107606
8251.981030
8287.727873
8359.221539
8502.208789
8788.182958
9360.129974
10504.335098
12791.738671
15487.387446
12989.694163
13227.455556
13190.647004
13062.603892
12809.827543
12614.939563
12342.708588
12148.586912
11902.525235
11734.432088
11536.485516
11347.052042
11231.828042
11187.628213
11186.177737
11204.376245
11244.976058
11292.762104
11335.899822
11361.156636
11380.801294
11350.595884
11288.268992
11251.208385
11251.581272
11273.886661
11392.363158
11772.850053
12001.637040
12896.830460
11464.404412
11474.699954
11594.751422
11862.848752
11350.224919
11405.651136
11440.773979
11260.384418
11179.391610
11137.087857
11146.846273
11162.201894
11101.092726
11102.889342
11016.651128
11006.110419
11016.431900
10996.397067
10962.834274
10933.513177
10921.177060
10908.638053
10884.502422
10866.356402
10853.486212
10821.288527
10799.452971
10787.519177
10772.877133
10759.408318
10750.205889
10737.447765
10730.092540
10723.467006
10720.521943
10717.250663
10716.612805
10716.944156
10716.197773
10719.570313
10714.366085
10714.163939
10715.417689
10715.979532
10714.112731
10718.988892
10717.426793
10717.159776
10716.546843
10718.588063
10719.388212
10719.189027
10719.371284
10716.350674
10722.264995
10722.565473
10721.282813
10719.765500
10722.644478
10723.398131
10723.533598
10722.622202
10723.487591
10723.633371
10723.713947
10723.776385
10721.167101
10725.364101
10726.047691
10725.811689
10723.399680
10724.093992
10724.052698
10723.835235
10723.375948
10722.990610
10722.880552
10722.675266
10722.300692
10721.432169
10722.043866
10721.755292
10721.442220
10720.879043
10720.988299
10720.705863
10720.401401
10719.892758
10709.484890
10730.016098
10717.882403
10716.321236
10715.585878
10714.939355
10711.454816
10707.433652
10711.154312
10712.807174
10710.627890
10710.219912
10711.008837
10711.075684
10711.026312
10711.099134
10714.259641
10711.741207
10711.194930
10711.744868
10710.777376
10712.197886
10711.610678
10711.456150
10711.432286
10711.706037
10711.585034
10711.565062
10711.684826
10710.787908
10711.922750
10712.237819
10712.495272
10711.320524
10712.442039
10712.448270
10712.302318
10711.925054
10704.479606
10712.389122
10715.262751
10715.397279
10714.757912
10711.002432
10714.271071
10713.813901
10713.313629
10712.553814
10713.591885
10713.441702
10713.266578
10712.926262
10713.313929
10714.465664
10714.133327
10713.943925
10713.537181
10713.564126
10714.608910
10714.034503
10713.697195
10713.311297
10713.371307
10715.193872
10714.730201
10714.178967
10713.255804
10712.227451
10713.679848
10713.348559
10713.042719
10712.461971
10712.576762
10713.725880
10712.995944
10712.528730
10712.824405
10713.403633
10713.003025
10712.754819
10712.333140
10712.912452
10714.323513
10713.943907
10713.631178
10712.963584
10712.452707
10657.871908
10631.668317
10620.158795
10612.761470
10580.034636
10558.645227
10568.739827
10561.796570
10554.050855
10544.509203
10534.312177
10528.179553
10522.817858
10518.100532
10513.897548
10510.127823
10506.731479
10503.656102
10500.862564
10498.110475
10495.718641
10488.415117
10484.578278
10480.685253
10477.007381
10473.567548
10470.359312
10467.365678
10464.566985
10461.944089
10459.478938
10457.156636
10454.960735
10452.883364
10450.912851
10449.039727
10447.255867
10445.554165
10443.928269
10442.372642
10440.882269
10439.452597
10438.079521
10436.759327
10435.488643
10434.264396
10433.083765
10431.944187
10430.843311
10429.778958
10428.749109
10427.751908
10426.785642
10425.848718
10422.241569
10418.935014
10415.948118
10413.253283
10410.814120
