0.001000
0.002000
0.003000
0.004000
0.005000
0.006000
0.008000
0.012000
0.020000
0.036000
0.068000
0.132000
0.260000
0.516000
1.028000
2.052000
4.100000
6.148000
8.196000
8.196205
8.196307
8.196410
8.196614
8.197024
8.197434
8.198253
8.199072
8.200710
8.202349
8.205626
8.212179
8.225286
8.251501
8.303930
8.408787
8.618502
8.828218
9.037933
9.247648
9.457363
9.667078
9.876794
10.086509
10.296224
10.505939
10.925370
11.764230
13.441952
15.119674
16.797395
18.475117
20.152838
21.830560
23.508282
25.186003
26.863725
28.541446
30.219168
31.896890
33.574611
35.252333
36.930054
37.097827
37.114604
37.116281
37.117959
37.121315
37.128026
37.141447
37.148158
37.154869
37.168291
37.181713
37.195134
37.221978
37.248822
37.275665
37.329352
37.383039
37.436726
37.544101
37.651475
37.866223
38.080971
38.123921
38.166871
38.252770
38.424569
38.768166
38.836886
38.905605
39.043044
39.317922
39.867678
39.977629
40.087580
40.307482
40.747287
40.835248
40.923209
41.099131
41.450975
42.154662
42.295399
42.436137
42.717612
43.280562
43.393152
43.505742
43.730922
44.181282
44.271354
44.361426
44.541570
44.901858
45.622434
45.766549
45.910664
46.198894
46.775355
46.890647
47.005940
47.236524
47.697692
47.789926
47.882160
48.066627
48.435562
49.173432
49.321006
49.468580
49.763728
50.354024
50.472083
50.590142
50.826260
51.298497
52.242970
53.187443
53.281891
53.376338
53.565233
53.943022
54.698601
55.454179
55.605295
55.756411
56.058642
56.663105
56.783998
56.904890
57.146676
57.630246
58.597386
58.790815
58.984243
59.371099
60.144812
60.299554
60.454297
60.763782
61.382752
61.506546
61.630340
61.877928
62.373104
63.363456
63.561526
63.759596
64.155737
64.948019
65.106475
65.264932
65.581844
66.215670
67.483320
67.610085
67.736850
67.990380
68.497441
69.511561
69.714385
69.917209
70.322857
71.134154
71.296413
71.458672
71.783191
72.432228
73.730302
73.860110
73.989917
74.249532
74.768762
75.807221
76.014913
76.222605
76.637988
77.468756
79.130291
79.296444
79.462598
79.794905
80.459519
81.788747
81.921670
82.054593
82.320438
82.852129
83.915512
84.128188
84.340865
84.766218
85.616924
85.787065
85.957206
86.297488
86.978053
88.339183
88.475295
88.611408
88.883634
89.428086
90.000000
90.200000
90.400000
90.600000
90.800000
92.800000
94.800000
96.800000
98.800000
100.800000
102.800000
104.800000
106.800000
108.800000
110.800000
112.800000
114.800000
116.800000
118.800000
120.800000
122.800000
124.800000
126.800000
128.800000
130.800000
132.800000
134.800000
136.800000
138.800000
140.800000
142.800000
144.800000
146.800000
148.800000
150.800000
152.800000
154.800000
156.800000
158.800000
160.800000
162.800000
164.800000
166.800000
168.800000
170.800000
172.800000
174.800000
176.800000
178.800000
180.800000
182.800000
184.800000
186.800000
188.800000
190.800000
192.800000
194.800000
196.800000
198.800000
200.800000
