8214.558703
8215.117406
8215.676109
8216.234812
8216.793515
8217.352218
8218.469623
8220.704435
8225.174059
8234.113305
8251.991796
8287.748774
8359.262708
8502.290494
8788.430995
9357.039485
10487.374858
11161.345852
10212.564581
11107.291580
10641.977614
10445.063152
10346.011136
10169.176952
10052.487513
10049.623376
9915.363946
9941.469891
9735.183522
9716.456082
9566.133740
9398.914536
9350.618625
9298.375956
9275.677500
9261.197470
9241.271050
9204.894008
9182.752192
9174.296720
9166.050486
9163.920620
9163.649651
9164.139380
9166.004079
9164.449763
9167.430402
9172.966661
9181.302247
9191.819954
9206.431987
9222.983906
9240.730187
9259.431414
9278.422117
9292.593462
9310.744873
9327.923969
9347.413122
9362.799073
9374.218729
9393.090403
9412.439089
9431.826015
9451.239584
9470.588793
9489.878372
9489.824285
9498.504560
9516.715570
9510.109600
9500.381016
9505.348726
9512.474646
9499.071995
9504.183408
9485.312718
9484.129279
9482.587612
9459.339178
9445.851991
9445.038233
9441.545977
9440.041942
9439.275441
9438.318620
9433.016595
9431.382308
9403.214734
9381.134663
9362.678631
9343.082457
9328.161408
9316.114209
9306.127644
9297.672325
9290.353296
9283.626508
9275.924537
9267.316950
9256.767811
9250.131045
9244.856633
9240.382773
9236.538480
9233.119063
9227.869543
9223.307857
9218.127363
9215.211166
9213.337891
9212.100756
9211.283939
9210.746007
9210.392531
9210.160684
9210.006993
9209.906327
9209.840560
9209.797685
9209.769816
9209.751775
9209.740162
9209.732745
9209.728058
9209.725141
9209.723363
9209.722311
9209.721715
9209.721397
9209.721241
9209.721172
9209.721140
9209.721115
9209.721076
9209.721010
9209.720908
9209.720767
9209.720584
9209.720356
9209.720084
9209.719768
9209.719408
9209.719005
9209.718560
9209.718073
9209.717545
9209.716978
9209.716372
9209.715727
9209.715046
9209.714329
9209.713577
9209.712789
9209.711969
9209.711115
9209.710229
9209.709312
9209.708364
9209.707385
9209.706378
9209.705342
9209.704277
9209.703185
9209.702066
9209.700921
9209.699750
9209.698554
9209.697333
9209.696088
9209.694819
9209.693527
9209.692212
9209.690875
9209.689517
9209.688136
9209.686735
9209.685313
9209.683871
9209.682410
9209.680928
9209.679428
9209.677910
9209.676373
9209.674818
9209.673245
9209.671655
9209.670049
9209.668425
9209.666786
9209.665130
9209.663458
9209.661771
9209.660069
9209.658352
9209.656621
9209.654875
9209.653115
9209.651341
9209.649553
9209.647752
9209.645938
9209.644111
9209.642271
9209.640419
9209.638554
9209.636678
9209.634789
9209.632889
9209.630977
9209.629054
9209.627120
9209.625175
9209.623220
9209.621253
9209.619277
9209.617290
9209.615293
9209.613286
9209.611269
9209.609243
9209.607208
9209.605163
9209.603109
9209.601046
9209.598974
9209.596893
9209.594804
9209.592706
9209.586801
9209.582314
9209.577992
9209.573761
9209.569598
