8214.558760
8215.117520
8215.676281
8216.235041
8216.793801
8217.352561
8218.470082
8220.705122
8225.175204
8234.115366
8251.995690
8287.756332
8359.277595
8502.320040
8788.489637
9357.160955
10487.575246
11157.182176
10215.475085
11110.341331
10640.653279
10459.514040
11082.146076
10164.772601
10311.637448
9738.928977
9856.054845
9653.928908
9732.367663
9729.205564
9603.973571
9552.083154
9524.898969
9466.206625
9473.855701
9469.835494
9503.650676
9526.134116
9520.755194
9497.685010
9448.823301
9437.296336
9438.276350
9458.180998
9428.299424
9417.434142
9426.613861
9425.179419
9434.095213
9439.666768
9402.211042
9393.341839
9395.470891
9390.750565
9359.437485
9366.045908
9376.073440
9379.213154
9386.179190
9380.225221
9374.540501
9375.134812
9180.885073
9038.528741
8823.675565
8730.809729
8675.828223
8637.080917
8607.345872
8583.338037
8563.272716
8546.076659
8531.064353
8517.778467
8505.901364
8495.203118
8485.510273
8476.686869
8468.622805
8461.226582
8454.420680
8448.138519
8442.322369
8436.921859
8431.892861
8427.196606
8422.798975
8418.669901
8414.782861
8411.114435
8407.643929
8404.353037
8401.225547
8398.247088
8395.404905
8392.687655
8390.085241
8387.588660
8385.189866
8382.881658
8380.657577
8378.511820
8376.439158
8374.434875
8372.494701
8370.614767
8368.791557
8367.021869
8365.302778
8363.631609
8362.005908
8360.423420
8358.882066
8357.379927
8355.915226
8354.486316
8353.091667
8351.729852
8350.399541
8349.099489
8347.828530
8346.585572
8345.369584
8344.179600
8343.014705
8341.874036
8340.756776
8339.662152
8338.589430
8337.537911
8336.506933
8335.495863
8334.504098
8333.531064
8332.576210
8331.639012
8330.718965
8329.815587
8328.928416
8328.057008
8327.200936
8326.359790
8325.533176
8324.720715
8323.922040
8323.136800
8322.364653
8321.605273
8320.858343
8320.123557
8319.400619
8318.689245
8317.989156
8317.300087
8316.621778
8315.953979
8315.296446
8314.648945
8314.011247
8313.383131
8312.764382
8312.154792
8311.554160
8310.962288
8310.378986
8309.804069
8309.237357
8308.678675
8308.127853
8307.584725
8307.049131
8306.520914
8305.999923
8305.486008
8304.979026
8304.478835
8303.985301
8303.498288
8303.017668
8302.543314
8302.075102
8301.612913
8301.156629
8300.706137
8300.261325
8299.822084
8299.388309
8298.959896
8298.536744
8298.118755
8297.705834
8297.297885
8296.894818
8296.496544
8296.102974
8295.714025
8295.329612
8294.949655
8294.574073
8294.202790
8293.835729
8293.472817
8293.113980
8292.759148
8292.408252
8292.061224
8291.717998
8291.378509
8291.042694
8290.710490
8290.381838
8290.056677
8289.734951
8288.465101
8287.736781
8287.222717
8286.803798
8286.433796
