8214.558674
8215.117463
8215.676442
8216.235782
8216.795803
8217.356855
8218.477696
8220.716908
8225.191317
8234.134613
8252.014715
8287.767631
8359.266198
8502.257120
8788.233950
9360.182872
10504.387696
12791.802280
15482.390535
13180.145587
13485.282459
13527.083825
13510.629614
13369.993746
13226.114189
13094.433254
12879.413796
12707.975059
12465.645453
12285.753370
12049.975646
11882.806062
11851.540849
11822.222859
11770.280922
11685.807371
11564.254481
11415.247252
11388.452355
11364.309226
11324.906426
11275.211745
11217.239205
11173.320838
11157.022326
11164.880858
11193.011331
11220.651161
11266.621541
11291.035873
11330.656304
11348.694449
11365.065331
11379.087107
11387.732466
11384.842758
11363.709112
11326.130418
11287.413809
11263.918807
11256.367077
11262.064939
11289.442629
11425.018253
11503.311063
11573.490916
11893.389257
11606.565799
12043.436076
11885.606319
11352.274790
11357.451842
11550.436268
11398.904731
11340.353051
11236.753389
11340.252467
11369.682136
11202.982927
11170.834276
11069.237048
11121.902782
11138.171193
11127.816689
11147.269793
11157.433431
11179.600273
11150.476450
11108.602371
11080.786153
11079.155550
11047.007412
11048.277926
11029.807129
10993.175614
10962.274991
10899.503796
10890.413036
10795.919872
10797.396705
10799.498336
10809.013229
10805.494718
10804.764056
10808.061517
10809.661479
10807.668291
10800.966305
10789.502130
10773.129398
10754.994752
10744.101759
10742.114121
10740.065613
10736.632732
10732.549451
10727.880425
10723.188224
10718.397401
10714.784866
10713.197741
10712.544419
10716.296833
10712.198480
10716.445032
10714.470430
10714.461864
10714.359615
10714.481285
10714.797938
10715.097602
10715.112169
10714.558068
10712.640704
10712.846144
10712.137892
10711.443105
10709.616197
10708.039585
10707.326225
10697.000873
10696.397922
10696.658607
10696.602016
10696.805450
10697.172583
10697.774048
10699.573532
10699.910069
10700.560258
10701.315832
10702.292289
10703.490770
10704.591794
10705.910679
10706.989990
10707.301845
10706.059969
10708.008997
10709.836994
10697.938439
10694.931005
10691.855248
10689.655255
10689.366603
10692.226159
10696.925718
10701.220378
10703.848344
10708.161395
10711.357947
10713.230966
10714.555859
10714.517533
10712.975313
10723.395713
10718.264862
10720.153449
10713.459825
10715.055621
10720.377085
10717.210393
10717.130128
10718.574923
10716.360662
10717.865208
10717.458130
10717.936587
10718.657165
10717.302305
10720.427220
10720.987941
10722.174586
10722.631302
10724.368477
10727.159018
10706.489525
10681.156746
10663.974175
10652.778088
10644.918446
10637.355865
10630.919095
10625.972574
10622.110440
10617.917909
10614.410445
10611.328685
10608.494507
10606.022717
10603.729788
10601.630519
10599.644595
10597.923052
10596.296512
10594.779230
10593.359274
10592.025733
10590.769114
10589.548201
10588.392242
10587.288049
10586.233259
10585.224079
10584.257344
10583.330358
10582.440382
10581.584966
10580.761822
10579.968919
10579.204352
10578.466445
10577.753565
10577.064329
10576.397433
10575.751565
10575.125695
10574.518723
10573.762191
10572.983524
10572.254370
10571.550586
10570.867518
10570.203570
10569.557727
10568.860868
10568.177049
10567.514385
10566.870992
10566.244156
10565.633036
10565.036613
10564.453818
10563.883961
10563.326506
10562.780956
10562.246883
10561.723837
10561.211470
10560.709364
10560.217236
10559.734704
10559.261484
10558.797245
10558.341703
10557.894645
10557.455761
10557.024808
10556.601596
10556.185800
10555.777283
10555.375845
10554.981230
10554.593312
10554.211812
10553.836688
10553.467675
10553.104678
10552.747460
10552.395940
10552.049918
10551.709359
10551.373979
10551.043753
10550.466340
10549.998182
10549.555878
10549.115153
10548.686276
10548.263783
10547.843872
10547.428583
10547.018848
10546.615059
10546.217278
10545.825502
10545.439691
10545.059745
10544.685546
10544.317023
10543.954026
10543.596425
10543.244039
10542.896849
10542.554620
10542.217260
10541.884680
10541.556670
10541.232271
10540.911483
10540.594450
10540.281249
10539.971888
10539.538904
10539.166530
10538.811874
10538.463357
10538.119948
10537.781585
10537.447083
10537.117431
10536.792369
10536.471772
10536.155506
10535.843455
10535.535517
10535.231565
10534.931504
10534.635262
10534.342732
10534.053823
10533.768457
10533.486585
10533.208072
10532.932901
10532.661004
10532.392208
10532.126582
10531.863998
10531.604388
10531.347711
10531.093869
10530.842848
10530.594494
10530.348839
10530.105787
10529.865354
10529.183422
10528.733233
10528.359003
10528.022199
10527.708601
