0.001000
0.002000
0.003000
0.004000
0.005000
0.006000
0.008000
0.012000
0.020000
0.036000
0.068000
0.132000
0.260000
0.516000
1.028000
2.052000
4.100000
6.148000
8.196000
8.196020
8.196041
8.196082
8.196164
8.196328
8.196492
8.196655
8.196983
8.197311
8.197966
8.198621
8.199932
8.201243
8.201505
8.201767
8.202291
8.203340
8.205437
8.209631
8.210470
8.211309
8.212987
8.216342
8.223053
8.236475
8.263319
8.317006
8.424380
8.531754
8.746502
8.853877
9.068625
9.175999
9.283373
9.390747
9.498122
9.605496
9.712870
9.820244
9.927618
10.034993
10.142367
10.357115
10.571864
11.001360
11.860354
12.289850
13.148844
14.866831
16.584818
18.302805
20.020792
21.738778
23.456765
25.174752
26.892739
28.610726
30.328713
32.046700
33.764687
35.482674
37.200661
38.918648
40.636635
42.354621
44.072608
45.790595
47.508582
49.226569
50.944556
51.116355
51.288153
51.631751
51.975348
52.662543
54.036933
55.411322
56.785712
58.160101
59.534491
59.671930
59.678802
59.685674
59.692545
59.699417
59.706289
59.720033
59.747521
59.802497
59.912448
60.132350
60.572155
61.011959
61.099920
61.187881
61.363803
61.715647
62.419334
63.123022
64.530397
65.937772
67.345146
68.752521
70.159896
71.567271
72.974646
74.382021
74.522758
74.536832
74.550906
74.579053
74.635348
74.747938
74.973118
75.423478
75.513550
75.603622
75.783766
76.144054
76.216112
76.288169
76.432285
76.576400
76.720515
76.720518
76.720519
76.720522
76.720528
76.720539
76.720562
76.720609
76.720701
76.720885
76.721254
76.721992
76.723468
76.726419
76.732322
76.744128
76.767740
76.772462
76.772510
76.772557
76.772651
76.772840
76.773218
76.773974
76.774729
76.776240
76.779263
76.785307
76.797396
76.821575
76.869932
76.966646
77.063360
77.256788
77.643645
77.721016
77.798387
77.953130
78.262615
78.572100
79.191070
80.429010
81.666950
81.914538
82.162126
82.657302
83.647654
85.628358
85.826428
86.024499
86.420639
87.212921
88.797484
90.000000
90.200000
92.200000
94.200000
96.200000
98.200000
100.200000
102.200000
104.200000
106.200000
108.200000
110.200000
112.200000
114.200000
116.200000
118.200000
120.200000
122.200000
124.200000
126.200000
128.200000
130.200000
132.200000
134.200000
136.200000
138.200000
140.200000
142.200000
144.200000
146.200000
148.200000
150.200000
152.200000
154.200000
156.200000
158.200000
160.200000
162.200000
164.200000
166.200000
168.200000
170.200000
172.200000
174.200000
176.200000
178.200000
180.200000
182.200000
184.200000
186.200000
188.200000
190.200000
192.200000
194.200000
196.200000
198.200000
200.200000
202.200000
204.200000
206.200000
208.200000
210.200000
212.200000
214.200000
216.200000
218.200000
220.200000
222.200000
224.200000
226.200000
228.200000
230.200000
232.200000
234.200000
236.200000
238.200000
240.200000
242.200000
244.200000
246.200000
248.200000
250.200000
252.200000
254.200000
256.200000
258.200000
260.200000
262.200000
264.200000
266.200000
268.200000
270.200000
272.200000
274.200000
276.200000
278.200000
280.200000
282.200000
284.200000
286.200000
288.200000
290.200000
292.200000
294.200000
296.200000
298.200000
300.200000
302.200000
304.200000
306.200000
308.200000
310.200000
312.200000
314.200000
316.200000
318.200000
320.200000
322.200000
324.200000
326.200000
328.200000
330.200000
332.200000
334.200000
336.200000
338.200000
340.200000
342.200000
344.200000
346.200000
348.200000
350.200000
352.200000
354.200000
356.200000
358.200000
360.200000
362.200000
364.200000
366.200000
368.200000
370.200000
372.200000
374.200000
376.200000
378.200000
380.200000
382.200000
384.200000
386.200000
388.200000
390.200000
392.200000
394.200000
396.200000
398.200000
400.200000
