8214.558703
8215.117406
8215.676109
8216.234812
8216.793515
8217.352218
8218.469623
8220.704435
8225.174059
8234.113305
8251.991796
8287.748774
8359.262708
8502.290494
8788.430995
9357.039485
10487.374858
11161.345852
10212.564581
11107.291580
10641.977614
10445.063152
10346.011136
10169.176952
10052.487513
10049.623376
9915.363946
9941.469891
9735.183522
9616.055330
9477.220087
9373.928545
9316.743785
9292.973592
9252.765525
9237.508112
9226.980250
9199.595380
9181.748232
9175.019373
9167.620745
9169.981394
9169.502069
9166.772028
9163.561711
9166.760328
9169.577197
9174.958888
9183.205143
9193.642360
9208.530588
9225.503470
9243.708294
9262.970652
9282.960877
9303.297269
9318.695639
9336.122661
9356.458393
9375.623764
9388.558908
9408.870473
9415.601175
9434.924029
9453.508047
9473.428821
9482.682919
9502.094111
9502.319001
9520.309522
9528.331622
9540.151149
9527.987130
9519.640903
9535.884224
9545.126381
9517.949263
9515.994603
9483.367376
9480.808574
9476.825081
9453.572290
9451.769212
9445.569295
9441.634361
9429.720425
9428.755085
9428.020189
9426.527862
9399.716886
9375.398861
9342.846919
9320.753485
9302.486987
9285.092801
9272.777994
9262.802988
9251.099459
9242.256103
9230.710761
9223.613303
9218.932482
9215.842436
9213.812140
9212.473758
9211.594792
9211.019691
9210.643366
9210.397979
9210.238491
9210.135200
9210.068620
9210.025990
9209.998966
9209.982093
9209.971810
9209.965791
9209.962519
9209.961004
9209.960599
9209.960884
9209.961587
9209.962527
9209.963592
9209.964706
9209.965822
9209.966910
9209.967951
9209.968934
9209.969851
9209.970701
9209.971479
9209.972188
9209.972827
9209.973397
9209.973900
9209.974337
9209.974710
9209.975020
9209.975269
9209.975459
9209.975591
9209.975667
9209.975689
9209.975657
9209.975573
9209.975439
9209.975255
9209.975024
9209.974746
9209.974422
9209.974054
9209.973643
9209.973190
9209.972695
9209.972161
9209.971587
9209.970975
9209.970326
9209.969640
9209.968918
9209.968162
9209.967372
9209.966549
9209.965693
9209.964805
9209.963886
9209.962938
9209.961959
9209.960951
9209.959915
9209.958852
9209.957761
9209.956643
9209.955499
9209.954330
9209.953136
9209.951918
9209.950675
9209.949409
9209.948120
9209.946809
9209.945475
9209.944120
9209.942744
9209.941347
9209.939929
9209.938492
9209.937035
9209.935559
9209.934064
9209.932550
9209.931018
9209.929469
9209.927902
9209.926318
9209.924717
9209.923099
9209.921466
9209.919816
9209.918151
9209.916470
9209.914775
9209.913064
9209.911340
9209.909600
9209.907847
9209.906080
9209.904300
9209.902506
9209.900699
9209.898879
9209.897047
9209.895202
9209.893345
9209.891476
9209.889595
9209.887703
9209.885799
9209.883884
9209.881958
9209.880021
9209.878073
9209.876115
9209.874147
9209.872168
9209.870180
9209.868181
9209.866173
9209.860379
9209.855992
9209.851768
9209.847633
9209.843565
