8214.558525
8215.117051
8215.675576
8216.234102
8216.792627
8217.351152
8218.468203
8220.702304
8225.170507
8234.106912
8251.979722
8287.725335
8359.216541
8502.349666
8788.448003
9361.023633
10509.331920
13401.000975
9521.613369
9888.312760
10633.399924
11165.622998
10594.179224
10384.350068
9949.903053
9963.005773
9719.911804
9680.406352
9603.557126
9588.707766
9533.665437
9533.263069
9501.873052
9518.027053
9487.567418
9494.708834
9484.157743
9502.478738
9471.819500
9437.932317
9441.228453
9458.164430
9441.964269
9437.067925
9419.657542
9413.845929
9417.092014
9414.078249
9413.169810
9393.149174
9387.979314
9385.526134
9378.821830
9364.439831
9368.183160
9360.858061
9358.779799
9358.732921
9363.535741
9359.918750
9343.910412
9341.953361
9330.364370
9328.432610
9321.883331
9320.395802
9316.635174
9315.802668
9307.555299
9306.496833
9305.352464
9300.096125
9298.456142
9297.548865
9294.037665
9292.816154
9292.183943
9291.324114
9287.597650
9286.546574
9285.989392
9284.537018
9284.232454
9284.039315
9283.736899
9282.104301
9281.905566
9281.802483
9280.820522
9280.606707
9280.243391
9280.062490
9279.943341
9279.841489
9279.745175
9279.651687
9279.560417
9279.471218
9279.384040
9279.298850
9279.215619
9279.134315
9279.054908
9278.977365
9278.901655
9278.827745
9278.755602
9278.685194
9278.616541
9278.549515
9278.482357
9278.417104
9278.353454
9278.291371
9278.230822
