8214.558703
8215.117406
8215.676109
8216.234812
8216.793515
8217.352218
8218.469623
8220.704435
8225.174059
8234.113305
8251.991796
8287.748774
8359.262708
8502.290494
8788.430995
9357.039485
10487.374858
11161.345852
10212.564581
11107.291580
10641.977614
10445.063152
10346.011136
10169.176952
10052.487513
10049.623376
9915.363946
9941.469891
9735.183522
9616.055330
9477.220087
9373.928545
9316.743785
9292.973592
9252.765525
9237.508112
9226.980250
9199.595380
9181.748232
9175.019373
9167.620745
9169.981394
9169.502069
9166.772028
9163.561711
9166.760328
9169.577197
9174.958888
9183.205143
9193.642360
9208.530588
9225.503470
9243.708294
9262.970652
9282.960877
9303.297269
9318.695639
9336.122661
9356.458393
9375.623764
9388.558908
9408.870473
9415.601175
9434.924029
9453.508047
9473.428821
9482.682919
9502.094111
9502.319001
9520.309522
9528.331622
9540.151149
9527.987130
9519.640903
9535.884224
9545.126381
9517.949263
9515.994603
9472.827098
9409.691514
9345.120476
9293.177683
9249.377143
9214.508074
9186.201188
9162.076113
9142.678459
9126.522097
9112.239659
9099.493916
9090.132543
9075.624481
9065.895775
9058.683175
9036.267258
9018.599979
9002.028962
8979.401125
8957.947443
8938.482801
8920.598377
8904.241521
8889.344024
8875.730061
8863.349168
8852.100163
8841.809327
8832.432012
8822.663365
8813.087229
8803.996888
8795.268298
8786.966002
8779.076904
8771.595702
8764.522544
8757.825878
8751.479182
8745.454360
8739.726237
8734.272605
8729.073808
8724.112480
8719.373047
8714.841419
8710.504684
8706.350883
8702.368864
8698.548166
8694.878941
8691.351902
8687.958277
8684.689784
8681.538607
8678.497376
8675.559149
8672.717403
8669.966011
8667.299236
8664.711710
8662.198423
8659.754704
8657.376213
8655.058917
8652.799078
8650.593241
8648.438211
8646.331045
8644.269031
8642.249678
8640.270698
8638.329995
8636.425648
8634.555903
8632.719154
8630.913939
8629.138922
8627.392886
8625.674721
8623.983417
8622.318052
8620.677786
8619.061851
8617.469546
8615.900230
8614.353312
8612.828250
8611.324544
8609.841730
8608.379376
8606.937078
8605.514458
8604.111158
8602.726838
8601.361175
8600.013857
8598.684584
8597.373066
8596.079019
8594.802165
8593.542233
8592.298954
8591.072061
8589.861293
8588.666386
8587.487082
8586.323120
8585.174242
8584.040190
8582.920705
8581.815531
8580.724411
8579.647088
8578.583306
8577.532810
8576.495347
8575.470663
8574.458506
8573.458627
8572.470777
8571.494710
8570.530182
8569.576952
8568.634781
8567.703432
8566.782674
8565.872276
8564.972013
8564.081663
8563.201007
8562.329831
8561.467925
8560.615082
8559.771102
8558.935787
8558.108944
8557.290386
8556.479928
8555.677393
8554.882605
8554.095397
8553.315602
8552.543060
8551.777617
8551.019122
8550.267428
8549.522393
8548.783879
8548.051755
8545.320267
8542.913051
8540.791191
8538.913857
8537.243112
