0.001000
0.002000
0.003000
0.004000
0.005000
0.006000
0.008000
0.012000
0.020000
0.036000
0.068000
0.132000
0.260000
0.516000
1.028000
2.052000
4.100000
6.148000
8.196000
10.244000
12.292000
14.340000
16.388000
18.436000
20.484000
22.532000
24.580000
26.628000
28.676000
30.724000
32.772000
34.820000
35.024800
35.229600
35.434400
35.844000
36.253600
36.663200
36.667296
36.671392
36.679584
36.687776
36.704160
36.736928
36.802464
36.933536
36.959750
36.985965
37.038394
37.048879
37.059365
37.080337
37.084531
37.088725
37.097114
37.098792
37.100469
37.103825
37.110536
37.111878
37.113220
37.115904
37.118589
37.121273
37.126642
37.137379
37.139527
37.141674
37.145969
37.154559
37.163149
37.171739
37.188919
37.206099
37.240458
37.274818
37.343538
37.412257
37.549696
37.687135
37.714623
37.742111
37.797086
37.907037
38.126940
38.346842
38.456793
38.676695
39.116500
39.996109
40.435914
40.523875
40.611836
40.787758
41.139601
41.315523
41.667367
42.371055
43.778429
45.185804
46.593179
48.000554
49.407929
50.815304
52.222679
53.630054
55.037428
56.444803
57.852178
59.259553
60.666928
62.074303
63.481678
64.889053
66.296428
67.703802
67.844540
67.985277
68.266752
68.829702
68.942292
69.054882
69.280062
69.505242
69.955602
70.856322
72.657762
74.459202
76.260642
76.440786
76.620930
76.801074
76.981218
77.341506
78.062082
79.503233
80.944385
82.385537
83.826689
85.267841
86.708993
88.150145
89.591297
90.000000
90.200000
92.200000
94.200000
96.200000
98.200000
100.200000
102.200000
104.200000
106.200000
108.200000
110.200000
112.200000
114.200000
116.200000
118.200000
120.200000
122.200000
124.200000
126.200000
128.200000
130.200000
132.200000
134.200000
136.200000
138.200000
140.200000
142.200000
144.200000
146.200000
148.200000
150.200000
152.200000
154.200000
156.200000
158.200000
160.200000
162.200000
164.200000
166.200000
168.200000
170.200000
172.200000
174.200000
176.200000
178.200000
180.200000
182.200000
184.200000
186.200000
188.200000
190.200000
192.200000
194.200000
196.200000
198.200000
200.200000
202.200000
204.200000
206.200000
208.200000
210.200000
212.200000
214.200000
216.200000
218.200000
220.200000
222.200000
224.200000
226.200000
228.200000
230.200000
232.200000
234.200000
236.200000
238.200000
240.200000
242.200000
244.200000
246.200000
248.200000
250.200000
252.200000
254.200000
256.200000
258.200000
260.200000
262.200000
264.200000
266.200000
268.200000
270.200000
272.200000
274.200000
276.200000
278.200000
280.200000
282.200000
284.200000
286.200000
288.200000
290.200000
292.200000
294.200000
296.200000
298.200000
300.200000
302.200000
304.200000
306.200000
308.200000
310.200000
312.200000
314.200000
316.200000
318.200000
320.200000
322.200000
324.200000
326.200000
328.200000
330.200000
332.200000
334.200000
336.200000
338.200000
340.200000
342.200000
344.200000
346.200000
348.200000
350.200000
352.200000
354.200000
356.200000
358.200000
360.200000
362.200000
364.200000
366.200000
368.200000
370.200000
372.200000
374.200000
376.200000
378.200000
380.200000
382.200000
384.200000
386.200000
388.200000
390.200000
392.200000
394.200000
396.200000
398.200000
400.200000
