8214.558544
8215.117089
8215.675633
8216.234178
8216.792722
8217.351267
8218.468356
8220.702534
8225.170889
8234.107600
8251.981020
8287.727855
8359.221504
8502.208721
8788.180367
9360.714397
10507.639895
10734.967133
11006.391571
11127.777686
11183.196492
10557.527570
10517.479873
10440.031575
10377.915361
10287.111697
10217.634365
10123.370327
10052.677638
9954.797715
9877.345665
9764.813249
9684.462274
9649.339078
9658.300481
9706.575053
9738.341445
9749.674564
9753.055732
9747.743092
9750.446455
9776.974469
9816.801143
9914.081133
9992.165242
10147.039882
10876.563418
11420.894590
10577.892973
10305.107651
10125.372270
10042.111863
9965.431448
9837.263261
9790.426523
9726.097377
9671.609046
9637.631295
9610.045125
9579.201106
9559.669750
9542.746012
9532.406484
9523.565278
9518.946397
9512.143598
9510.843823
9506.555803
9505.664483
9504.418133
9501.873514
9501.744254
9496.431213
9497.152018
9495.528183
9494.105532
9493.061974
9491.947227
9490.925375
9489.999731
9489.281626
9488.575253
9482.653045
9481.334110
9479.211329
9476.878690
9476.853881
9477.770948
9481.787362
9481.665088
9488.712769
9489.611258
9497.548155
9509.229413
9523.136573
9537.750127
9552.742882
9568.105823
9582.203214
9594.588529
9610.491461
9627.434158
9642.109301
9653.824926
9671.347799
9684.465101
9701.593262
9717.118047
9727.951631
9731.858456
9731.793639
9730.827835
9721.253587
9716.955863
9716.718304
9709.026186
9702.769570
9701.134800
9684.061245
9680.322791
9663.758809
9646.273446
9645.518689
9635.731404
9622.386670
9615.727231
9597.088073
9592.311232
9591.733678
9590.318607
9589.356759
9587.218974
9585.836457
9584.984799
9584.330766
9584.160067
9581.459528
9580.644824
9579.681846
9578.141531
9577.226503
9576.239132
9576.205067
9576.163995
9575.953576
9574.534921
9573.707853
9572.362035
9572.307592
9572.275233
9572.120363
9570.099245
9569.254143
9568.053746
9567.687119
9565.555406
9565.264386
9564.634026
9563.446423
9563.379624
9563.247347
9559.178077
9558.688274
9558.641935
9558.453979
9555.159234
9554.828742
9554.801406
9554.647509
9552.570459
9552.075443
9552.030728
9551.727506
9550.234573
9550.161337
9550.147972
9550.026146
9549.218993
9549.181031
9549.178481
9549.176771
9549.175025
9549.173263
9549.171497
9549.169729
9549.167961
9549.166193
9549.164424
9549.162656
9549.160888
9549.159120
9549.157352
9549.155583
9549.153815
9549.152047
9549.150279
9549.148511
9549.146743
9549.144975
9549.143206
9549.141438
9549.139670
9549.137902
9549.136134
9549.134366
9549.132598
9549.130830
9549.129062
9549.127294
9549.125526
9549.123758
9549.121990
9549.120222
9549.118454
9549.116686
9549.114918
9549.113150
9549.111382
9549.109614
9549.107846
9549.106078
9549.104310
9549.102543
9549.100775
9549.099007
9549.097239
9549.095471
9549.093703
9549.091935
9549.090167
9549.088400
9549.086632
9549.084864
9549.083096
9549.081328
9549.079561
9549.077793
9549.076025
9549.074257
9549.072489
9549.070722
9549.068954
9549.067186
9549.065419
9549.063651
9549.061883
9549.060115
9549.058348
9549.056580
9549.054812
9549.053045
9549.051277
9549.049509
9549.047742
9549.045974
9549.044207
9549.042439
9549.040671
9549.038904
9549.037136
9549.035369
9549.033601
9549.031833
9549.030066
9549.028298
9549.026531
9549.024763
9549.022996
9549.018443
9549.014661
9549.010923
9549.007222
9549.003557
