0.001000
0.002000
0.003000
0.004000
0.005000
0.006000
0.008000
0.012000
0.020000
0.036000
0.068000
0.132000
0.260000
0.516000
1.028000
2.052000
4.100000
4.304800
4.509600
4.513696
4.515744
4.519840
4.523936
4.532128
4.540320
4.556704
4.573088
4.605856
4.638624
4.704160
4.769696
4.900768
5.031840
5.162912
5.293984
5.556128
5.818272
6.080416
6.342560
6.604704
6.866848
7.128992
7.391136
7.915424
8.964000
10.012576
12.109728
14.206880
16.304032
18.401184
20.498336
22.595488
24.692640
24.713612
24.734583
24.776526
24.860412
24.944298
25.028184
25.195956
25.363729
25.699273
26.034817
26.370362
27.041450
27.712539
29.054716
30.396893
31.739071
33.081248
34.423425
35.765603
37.107780
38.449957
39.792134
41.134312
42.476489
43.818666
45.160844
46.503021
47.845198
49.187375
50.529553
51.871730
53.213907
54.556084
55.898262
57.240439
58.582616
59.924794
61.266971
62.609148
63.951325
65.293503
66.635680
67.977857
69.320035
70.662212
72.004389
73.346566
74.688744
76.030921
77.373098
78.715276
80.057453
81.399630
82.741807
84.083985
85.426162
86.768339
88.110516
89.452694
90.794871
92.137048
93.479226
94.821403
96.000000
98.000000
100.000000
102.000000
104.000000
106.000000
108.000000
110.000000
112.000000
114.000000
116.000000
118.000000
120.000000
122.000000
124.000000
126.000000
128.000000
130.000000
132.000000
134.000000
136.000000
138.000000
140.000000
142.000000
144.000000
146.000000
148.000000
150.000000
152.000000
154.000000
156.000000
158.000000
160.000000
162.000000
164.000000
166.000000
168.000000
170.000000
172.000000
174.000000
176.000000
178.000000
180.000000
182.000000
184.000000
186.000000
188.000000
190.000000
192.000000
194.000000
196.000000
198.000000
200.000000
202.000000
204.000000
206.000000
208.000000
210.000000
212.000000
214.000000
216.000000
218.000000
220.000000
222.000000
224.000000
226.000000
228.000000
230.000000
232.000000
234.000000
236.000000
238.000000
240.000000
242.000000
244.000000
246.000000
248.000000
250.000000
252.000000
254.000000
256.000000
258.000000
260.000000
262.000000
264.000000
266.000000
268.000000
270.000000
272.000000
274.000000
276.000000
278.000000
280.000000
282.000000
284.000000
286.000000
288.000000
290.000000
292.000000
294.000000
296.000000
298.000000
300.000000
302.000000
304.000000
306.000000
308.000000
310.000000
312.000000
314.000000
316.000000
318.000000
320.000000
322.000000
324.000000
326.000000
328.000000
330.000000
332.000000
334.000000
336.000000
338.000000
340.000000
342.000000
344.000000
346.000000
348.000000
350.000000
352.000000
354.000000
356.000000
358.000000
360.000000
362.000000
364.000000
366.000000
368.000000
370.000000
372.000000
374.000000
376.000000
378.000000
380.000000
382.000000
384.000000
386.000000
388.000000
390.000000
392.000000
394.000000
396.000000
398.000000
400.000000
402.000000
404.000000
406.000000
408.000000
