8219.583853
8225.167705
8230.751558
8236.335410
8241.919262
8247.503114
8258.670818
8281.006223
8325.677026
8415.018599
8593.701617
8951.067140
9665.796132
10380.515456
11710.072996
13131.781717
13137.931437
12532.967314
12550.203643
12574.381220
12597.579206
12595.845434
12578.676552
12555.352145
12500.121844
12447.839544
12400.107480
12319.747283
12252.664040
12195.566661
12107.619981
12036.771034
11977.507679
11887.301977
11814.462512
11752.492744
11653.334697
11568.252870
11421.316455
11286.122182
11223.792959
11113.970393
11035.653620
10997.840725
11018.143395
11072.614137
11121.872018
11161.154905
11191.954768
11220.147797
11247.541662
11274.619567
11303.949503
11357.177861
11377.387652
11394.175823
11406.015170
11407.148112
11388.568557
11347.371150
11296.860132
11258.995274
11242.670852
11243.869812
11279.393104
11458.311349
11506.377484
11829.486080
12841.328430
11889.035932
11876.092888
11784.960273
12143.547808
11514.222039
11509.518573
11550.749780
11297.939699
11197.894977
11249.581585
11074.108987
11148.464665
11124.738444
11119.846982
11181.975058
11200.800941
11173.381013
11162.319608
11139.101766
11095.525362
11087.447901
11038.694877
11052.988939
11066.796262
11055.627118
11043.155634
11070.964556
11085.671936
11063.085127
11057.445153
11082.179231
11038.713068
11048.935446
11058.054308
11079.282478
11062.885107
11065.841169
11025.261703
11040.953357
11024.027216
11030.509458
11015.436715
10992.849693
11005.703710
10999.123927
10992.250149
10976.228227
10978.751694
10966.882771
10842.940958
10760.953812
10694.499316
10652.077913
10284.028828
9989.515734
9802.749098
9686.674107
9615.098774
9571.134222
9544.150124
9527.551704
9517.283779
9510.866038
9506.785956
9504.122370
9502.314226
9501.019346
9500.028473
9499.213097
9498.493810
9497.821133
9497.163897
9496.502194
9495.823097
9495.118055
9494.381300
9493.608873
9492.798012
9491.946782
9491.053826
9490.118219
9489.139358
9488.116892
9487.050677
9485.940737
9484.787235
9483.590454
9482.350781
9481.068689
9479.744726
9478.379508
9476.973707
9475.528047
9474.043290
9472.520241
9470.959732
9469.362624
9467.729801
9466.062167
9464.360640
9462.626153
9460.859647
9459.062073
9457.234384
9455.377539
9453.492497
9451.580217
9449.641654
9447.677763
9445.689490
9443.677778
9441.643560
9439.587764
9437.511305
9435.415090
9433.300015
9431.166962
9429.016805
9426.850402
9424.668596
9422.472222
9420.262094
9418.039015
9415.803774
9413.557143
9411.299878
9409.032721
9406.756398
9404.471618
9402.179075
9399.879449
9397.573399
9395.261574
9392.944603
9390.623101
9388.297666
9385.968881
9383.637314
9381.303517
9378.968027
9376.631365
9374.294039
9371.956540
9369.619347
9367.282921
9364.947713
9362.614157
9360.282675
9357.953675
9355.627551
9353.304686
9350.985449
9348.670196
9346.359272
9344.053008
9341.751727
9339.455735
9337.165333
9334.880805
9332.602430
9330.330471
9328.065184
9325.806815
9323.555599
9321.311763
9319.075522
9316.847084
9314.626649
9312.414405
9310.210536
9308.015214
9305.828606
9303.650869
9301.482153
9299.322602
9297.172351
9295.031530
9292.900261
9290.778660
9288.666836
9286.564893
9284.472927
9282.391032
9280.319291
9278.257787
9276.206595
9274.165784
9272.135419
9270.115562
9268.106268
9266.107588
9264.119569
9262.142253
9260.175680
9258.219884
9256.274895
9254.340741
9252.417446
9250.505030
9247.137875
9244.360119
9241.940182
9239.733780
9237.657252
