1	100	0	50	0
2	100	10	50	0
3	100	20	50	0
4	100	30	50	0
5	100	40	50	0
6	100	50	50	0
7	90	0	50	0
8	90	10	50	0
9	90	20	50	0
10	90	30	50	0
11	90	40	50	0
12	90	50	50	0
13	80	0	50	0
14	80	9.99999999999999	50	0
15	80	20	50	0
16	80	30	50	0
17	80	40	50	0
18	80	50	50	0
19	70	0	50	0
20	70	10	50	0
21	70	20	50	0
22	70	30	50	0
23	70	40	50	0
24	70	50	50	0
25	60	0	50	0
26	60	10	50	0
27	60	20	50	0
28	60	30	50	0
29	60	40	50	0
30	60	50	50	0
31	50	0	50	0
32	50	10	50	0
33	50	20	50	0
34	50	30	50	0
35	50	40	50	0
36	50	50	50	0
37	40	0	50	0
38	40	10	50	0
39	40	20	50	0
40	40	30	50	0
41	40	40	50	0
42	40	50	50	0
43	30	0	50	0
44	30	10	50	0
45	30	20	50	0
46	30	30	50	0
47	30	40	50	0
48	30	50	50	0
49	20	0	50	0
50	20	10	50	0
51	20	20	50	0
52	20	30	50	0
53	20	40	50	0
54	20	50	50	0
55	10	0	50	0
56	10	10	50	0
57	10	20	50	0
58	10	30	50	0
59	10	40	50	0
60	10	50	50	0
61	0	0	50	0
62	0	10	50	0
63	0	20	50	0
64	0	30	50	0
65	0	40	50	0
66	0	50	50	0
67	100	0	40	0
68	100	10	40	0
69	100	20	40	0
70	100	30	40	0
71	100	40	40	0
72	100	50	40	0
73	89.9999999999999	0	40	0
74	89.9999999999999	10	40	0
75	90	20	40	0
76	89.9999999999999	30	40	0
77	89.9999999999999	40	40	0
78	89.9999999999999	50	40	0
79	80	0	40	0
80	80	10	40	0
81	80	20	40	0
82	80	30	40	0
83	80	40	40	0
84	80	50	40	0
85	70	0	40	0
86	69.9999999999999	10	40	0
87	69.9999999999999	20	40	0
88	69.9999999999999	30	40	0
89	69.9999999999999	40	40	0
90	70	50	40	0
91	60	0	40	0
92	60	10	40	0
93	60	20	40	0
94	60	30	40	0
95	60	40	40	0
96	60	50	40	0
97	50	0	40	0
98	50	10	40	0
99	50	20	40	0
100	50	30	40	0
101	50	40	40	0
102	50	50	40	0
103	40	0	40	0
104	40	10	40	0
105	40	20	40	0
106	40	30	40	0
107	40	40	40	0
108	40	50	40	0
109	30	0	40	0
110	30	10	40	0
111	30	20	40	0
112	30	30	40	0
113	30	40	40	0
114	30	50	40	0
115	20	0	40	0
116	20	10	40	0
117	20	20	40	0
118	20	30	40	0
119	20	40	40	0
120	20	50	40	0
121	10	0	40	0
122	9.99999999999999	10	40	0
123	10	20	40	0
124	10	30	40	0
125	9.99999999999999	40	40	0
126	10	50	40	0
127	0	0	40	0
128	0	10	40	0
129	0	20	40	0
130	0	30	40	0
131	0	40	40	0
132	0	50	40	0
133	100	0	30	0
134	100	10	30	0
135	100	20	30	0
136	100	30	30	0
137	100	40	30	0
138	100	50	30	0
139	89.9999999999999	0	30	0
140	89.9999999999999	10	30	0
141	90.0000000000001	20	30	0
142	90	30	30	0
143	89.9999999999999	40	30	0
144	89.9999999999999	50	30	0
145	80	0	30	0
146	80	9.99999999999999	30	0
147	80	20	30	0
148	80	30	30	0
149	80	40	30	0
150	80	50	30	0
151	70	0	30	0
152	70	10	30	0
153	70	20	30	0
154	70	30	30	0
155	70	40	30	0
156	70	50	30	0
157	60	0	30	0
158	60	10	30	0
159	60	20	30	0
160	60	30	30	0
161	60	40	30	0
162	60	50	30	0
163	50	0	30	0
164	50	10	30	0
165	50	20	30	0
166	50	30	30	0
167	50	40	30	0
168	50	50	30	0
169	40	0	30	0
170	40	10	30	0
171	40	20	30	0
172	40	30	30	0
173	40	40	30	0
174	40	50	30	0
175	30	0	30	0
176	30	10	30	0
177	30	20	30	0
178	30	30	30	0
179	30	40	30	0
180	30	50	30	0
181	20	0	30	0
182	20	10	30	0
183	20	20	30	0
184	20	30	30	0
185	20	40	30	0
186	20	50	30	0
187	10	0	30	0
188	10	10	30	0
189	10	20	30	0
190	10	30	30	0
191	10	40	30	0
192	10	50	30	0
193	0	0	30	0
194	0	10	30	0
195	0	20	30	0
196	0	30	30	0
197	0	40	30	0
198	0	50	30	0
199	100	0	20	0
200	100	10	20	0
201	100	20	20	0
202	100	30	20	0
203	100	40	20	0
204	100	50	20	0
205	89.9999999999999	0	20	0
206	89.9999999999999	10	20	0
207	89.9999999999999	20	20	0
208	90	30	20	0
209	89.9999999999999	40	20	0
210	89.9999999999999	50	20	0
211	80	0	20	0
212	80	9.99999999999999	20	0
213	80	20	20	0
214	80	30	20	0
215	80	40	20	0
216	80	50	20	0
217	70	0	20	0
218	70	10	20	0
219	70	20	20	0
220	70	30	20	0
221	70	40	20	0
222	70	50	20	0
223	60	0	20	0
224	60	10	20	0
225	60	20	20	0
226	60	30	20	0
227	60	40	20	0
228	60	50	20	0
229	50	0	20	0
230	50	10	20	0
231	50	20	20	0
232	50	30	20	0
233	50	40	20	0
234	50	50	20	0
235	40	0	20	0
236	40	10	20	0
237	40	20	20	0
238	40	30	20	0
239	40	40	20	0
240	40	50	20	0
241	30	0	20	0
242	30	10	20	0
243	30	20	20	0
244	30	30	20	0
245	30	40	20	0
246	30	50	20	0
247	20	0	20	0
248	20	10	20	0
249	20	20	20	0
250	20	30	20	0
251	20	40	20	0
252	20	50	20	0
253	10	0	20	0
254	10	10	20	0
255	10	20	20	0
256	10	30	20	0
257	10	40	20	0
258	10	50	20	0
259	0	0	20	0
260	0	10	20	0
261	0	20	20	0
262	0	30	20	0
263	0	40	20	0
264	0	50	20	0
265	100	0	10	0
266	100	10	10	0
267	100	20	10	0
268	100	30	10	0
269	100	40	10	0
270	100	50	10	0
271	89.9999999999999	0	10	0
272	89.9999999999999	10	10	0
273	89.9999999999999	20	10	0
274	89.9999999999999	30	10	0
275	89.9999999999999	40	10	0
276	89.9999999999999	50	10	0
277	80	0	10	0
278	80	9.99999999999999	10	0
279	80	20	10	0
280	80	30	10	0
281	80	40	10	0
282	80	50	10	0
283	70	0	10	0
284	69.9999999999999	9.99999999999999	10	0
285	70	20	9.99999999999999	0
286	69.9999999999999	30	10	0
287	69.9999999999999	40	10	0
288	70	50	10	0
289	60	0	10	0
290	60	9.99999999999999	10	0
291	60	20	10	0
292	60	30	10	0
293	60	40	10	0
294	60	50	10	0
295	50	0	10	0
296	50	10	10	0
297	50	20	10	0
298	50	30	10	0
299	50	40	10	0
300	50	50	10	0
301	40	0	10	0
302	40	10	10	0
303	40	20	10	0
304	40	30	10	0
305	40	40	10	0
306	40	50	10	0
307	30	0	10	0
308	30	10	10	0
309	30	20	10	0
310	30	30	10	0
311	30	40	10	0
312	30	50	10	0
313	20	0	10	0
314	20	10	9.99999999999999	0
315	20	20	10	0
316	20	30	10	0
317	20	40	10	0
318	20	50	10	0
319	10	0	10	0
320	9.99999999999999	10	9.99999999999999	0
321	10	20	9.99999999999999	0
322	10	30	10	0
323	9.99999999999999	40	9.99999999999999	0
324	10	50	10	0
325	0	0	10	0
326	0	10	10	0
327	0	20	10	0
328	0	30	10	0
329	0	40	10	0
330	0	50	10	0
331	100	0	0	0
332	100	10	0	0
333	100	20	0	0
334	100	30	0	0
335	100	40	0	0
336	100	50	0	0
337	90	0	0	0
338	89.9999999999999	10	0	0
339	90	20	0	0
340	90	30	0	0
341	90	40	0	0
342	90	50	0	0
343	80	0	0	0
344	80	9.99999999999999	0	0
345	80	20	0	0
346	80	30	0	0
347	80	40	0	0
348	80	50	0	0
349	70	0	0	0
350	70	10	0	0
351	70	20	0	0
352	70	30	0	0
353	70	40	0	0
354	70	50	0	0
355	60	0	0	0
356	60	10	0	0
357	60	20	0	0
358	60	30	0	0
359	60	40	0	0
360	60	50	0	0
361	50	0	0	0
362	50	10	0	0
363	50	20	0	0
364	50	30	0	0
365	50	40	0	0
366	50	50	0	0
367	40	0	0	0
368	40	10	0	0
369	40	20	0	0
370	40	30	0	0
371	40	40	0	0
372	40	50	0	0
373	30	0	0	0
374	30	10	0	0
375	30	20	0	0
376	30	30	0	0
377	30	40	0	0
378	30	50	0	0
379	20	0	0	0
380	20	10	0	0
381	20	20	0	0
382	20	30	0	0
383	20	40	0	0
384	20	50	0	0
385	10	0	0	0
386	10	10	0	0
387	10	20	0	0
388	10	30	0	0
389	10	40	0	0
390	10	50	0	0
391	0	0	0	0
392	0	10	0	0
393	0	20	0	0
394	0	30	0	0
395	0	40	0	0
396	0	50	0	0
397	100	60	50	0
398	100	70	50	0
399	100	80	50	0
400	100	90	50	0
401	100	100	50	0
402	90	60	50	0
403	90	70	50	0
404	90	80	50	0
405	90	90	50	0
406	90	100	50	0
407	80	60	50	0
408	80	70	50	0
409	80	80	50	0
410	80	90	50	0
411	80	100	50	0
412	70	60	50	0
413	70	70	50	0
414	70	80	50	0
415	70	90	50	0
416	70	100	50	0
417	60	60	50	0
418	60	70	50	0
419	60	80	50	0
420	60	90	50	0
421	60	100	50	0
422	50	60	50	0
423	50	70	50	0
424	50	80	50	0
425	50	90	50	0
426	50	100	50	0
427	40	60	50	0
428	40	70	50	0
429	40	80	50	0
430	40	90	50	0
431	40	100	50	0
432	30	60	50	0
433	30	70	50	0
434	30	80	50	0
435	30	90	50	0
436	30	100	50	0
437	20	60	50	0
438	20	70	50	0
439	20	80	50	0
440	20	90	50	0
441	20	100	50	0
442	10	60	50	0
443	10	70	50	0
444	10	80	50	0
445	10	90	50	0
446	10	100	50	0
447	0	60	50	0
448	0	70	50	0
449	0	80	50	0
450	0	90	50	0
451	0	100	50	0
452	100	60	40	0
453	100	70	40	0
454	100	80	40	0
455	100	90	40	0
456	100	100	40	0
457	89.9999999999999	60	40	0
458	90	70	40	0
459	89.9999999999999	80	40	0
460	89.9999999999999	90	40	0
461	89.9999999999999	100	40	0
462	80	60	40	0
463	80	70	40	0
464	80	80	40	0
465	80	90	40	0
466	80	100	40	0
467	69.9999999999999	60	40	0
468	69.9999999999999	70	40	0
469	69.9999999999999	80	40	0
470	69.9999999999999	90	40	0
471	70	100	40	0
472	60	60	40	0
473	60	70	40	0
474	60	80	40	0
475	60	90	40	0
476	60	100	40	0
477	50	60	40	0
478	50	70	40	0
479	50	80	40	0
480	50	90	40	0
481	50	100	40	0
482	40	60	40	0
483	40	70	40	0
484	40	80	40	0
485	40	90	40	0
486	40	100	40	0
487	30	60	40	0
488	30	70	40	0
489	30	80	40	0
490	30	90	40	0
491	30	100	40	0
492	20	60	40	0
493	20	70	40	0
494	20	80	40	0
495	20	90	40	0
496	20	100	40	0
497	9.99999999999999	60	40	0
498	10	70	40	0
499	10	80	40	0
500	9.99999999999999	90	40	0
501	10	100	40	0
502	0	60	40	0
503	0	70	40	0
504	0	80	40	0
505	0	90	40	0
506	0	100	40	0
507	100	60	30	0
508	100	70	30	0
509	100	80	30	0
510	100	90	30	0
511	100	100	30	0
512	89.9999999999999	60	30	0
513	90.0000000000001	70	30	0
514	90	80	30	0
515	89.9999999999999	90	30	0
516	89.9999999999999	100	30	0
517	80	60	30	0
518	80	70	30	0
519	80	80	30	0
520	80	90	30	0
521	80	100	30	0
522	70	60	30	0
523	70	70	30	0
524	70	80	30	0
525	70	90	30	0
526	70	100	30	0
527	60	60	30	0
528	60	70	30	0
529	60	80	30	0
530	60	90	30	0
531	60	100	30	0
532	50	60	30	0
533	50	70	30	0
534	50	80	30	0
535	50	90	30	0
536	50	100	30	0
537	40	60	30	0
538	40	70	30	0
539	40	80	30	0
540	40	90	30	0
541	40	100	30	0
542	30	60	30	0
543	30	70	30	0
544	30	80	30	0
545	30	90	30	0
546	30	100	30	0
547	20	60	30	0
548	20	70	30	0
549	20	80	30	0
550	20	90	30	0
551	20	100	30	0
552	10	60	30	0
553	10	70	30	0
554	10	80	30	0
555	10	90	30	0
556	10	100	30	0
557	0	60	30	0
558	0	70	30	0
559	0	80	30	0
560	0	90	30	0
561	0	100	30	0
562	100	60	20	0
563	100	70	20	0
564	100	80	20	0
565	100	90	20	0
566	100	100	20	0
567	89.9999999999999	60	20	0
568	89.9999999999999	70	20	0
569	90	80	20	0
570	89.9999999999999	90	20	0
571	89.9999999999999	100	20	0
572	80	60	20	0
573	80	70	20	0
574	80	80	20	0
575	80	90	20	0
576	80	100	20	0
577	70	60	20	0
578	70	70	20	0
579	70	80	20	0
580	70	90	20	0
581	70	100	20	0
582	60	60	20	0
583	60	70	20	0
584	60	80	20	0
585	60	90	20	0
586	60	100	20	0
587	50	60	20	0
588	50	70	20	0
589	50	80	20	0
590	50	90	20	0
591	50	100	20	0
592	40	60	20	0
593	40	70	20	0
594	40	80	20	0
595	40	90	20	0
596	40	100	20	0
597	30	60	20	0
598	30	70	20	0
599	30	80	20	0
600	30	90	20	0
601	30	100	20	0
602	20	60	20	0
603	20	70	20	0
604	20	80	20	0
605	20	90	20	0
606	20	100	20	0
607	10	60	20	0
608	10	70	20	0
609	10	80	20	0
610	10	90	20	0
611	10	100	20	0
612	0	60	20	0
613	0	70	20	0
614	0	80	20	0
615	0	90	20	0
616	0	100	20	0
617	100	60	10	0
618	100	70	10	0
619	100	80	10	0
620	100	90	10	0
621	100	100	10	0
622	89.9999999999999	60	10	0
623	89.9999999999999	70	10	0
624	89.9999999999999	80	10	0
625	89.9999999999999	90	10	0
626	89.9999999999999	100	10	0
627	80	60	10	0
628	80	70	10	0
629	80	80	10	0
630	80	90	10	0
631	80	100	10	0
632	69.9999999999999	60	10	0
633	70	70	9.99999999999999	0
634	69.9999999999999	80	10	0
635	69.9999999999999	90	10	0
636	70	100	10	0
637	60	60	10	0
638	60	70	10	0
639	60	80	10	0
640	60	90	10	0
641	60	100	10	0
642	50	60	10	0
643	50	70	10	0
644	50	80	10	0
645	50	90	10	0
646	50	100	10	0
647	40	60	10	0
648	40	70	10	0
649	40	80	10	0
650	40	90	10	0
651	40	100	10	0
652	30	60	10	0
653	30	70	10	0
654	30	80	10	0
655	30	90	10	0
656	30	100	10	0
657	20	60	9.99999999999999	0
658	20	70	10	0
659	20	80	10	0
660	20	90	10	0
661	20	100	10	0
662	9.99999999999999	60	9.99999999999999	0
663	10	70	9.99999999999999	0
664	10	80	10	0
665	9.99999999999999	90	9.99999999999999	0
666	10	100	10	0
667	0	60	10	0
668	0	70	10	0
669	0	80	10	0
670	0	90	10	0
671	0	100	10	0
672	100	60	0	0
673	100	70	0	0
674	100	80	0	0
675	100	90	0	0
676	100	100	0	0
677	89.9999999999999	60	0	0
678	90	70	0	0
679	90	80	0	0
680	90	90	0	0
681	90	100	0	0
682	80	60	0	0
683	80	70	0	0
684	80	80	0	0
685	80	90	0	0
686	80	100	0	0
687	70	60	0	0
688	70	70	0	0
689	70	80	0	0
690	70	90	0	0
691	70	100	0	0
692	60	60	0	0
693	60	70	0	0
694	60	80	0	0
695	60	90	0	0
696	60	100	0	0
697	50	60	0	0
698	50	70	0	0
699	50	80	0	0
700	50	90	0	0
701	50	100	0	0
702	40	60	0	0
703	40	70	0	0
704	40	80	0	0
705	40	90	0	0
706	40	100	0	0
707	30	60	0	0
708	30	70	0	0
709	30	80	0	0
710	30	90	0	0
711	30	100	0	0
712	20	60	0	0
713	20	70	0	0
714	20	80	0	0
715	20	90	0	0
716	20	100	0	0
717	10	60	0	0
718	10	70	0	0
719	10	80	0	0
720	10	90	0	0
721	10	100	0	0
722	0	60	0	0
723	0	70	0	0
724	0	80	0	0
725	0	90	0	0
726	0	100	0	0
727	100	110	50	0
728	100	120	50	0
729	100	130	50	0
730	100	140	50	0
731	100	150	50	0
732	90	110	50	0
733	90	120	50	0
734	90	130	50	0
735	90	140	50	0
736	90	150	50	0
737	80	110	50	0
738	80	120	50	0
739	80	130	50	0
740	80	140	50	0
741	80	150	50	0
742	70	110	50	0
743	70	120	50	0
744	70	130	50	0
745	70	140	50	0
746	70	150	50	0
747	60	110	50	0
748	60	120	50	0
749	60	130	50	0
750	60	140	50	0
751	60	150	50	0
752	50	110	50	0
753	50	120	50	0
754	50	130	50	0
755	50	140	50	0
756	50	150	50	0
757	40	110	50	0
758	40	120	50	0
759	40	130	50	0
760	40	140	50	0
761	40	150	50	0
762	30	110	50	0
763	30	120	50	0
764	30	130	50	0
765	30	140	50	0
766	30	150	50	0
767	20	110	50	0
768	20	120	50	0
769	20	130	50	0
770	20	140	50	0
771	20	150	50	0
772	10	110	50	0
773	10	120	50	0
774	10	130	50	0
775	10	140	50	0
776	10	150	50	0
777	0	110	50	0
778	0	120	50	0
779	0	130	50	0
780	0	140	50	0
781	0	150	50	0
782	100	110	40	0
783	100	120	40	0
784	100	130	40	0
785	100	140	40	0
786	100	150	40	0
787	89.9999999999999	110	40	0
788	90	120	40	0
789	89.9999999999999	130	40	0
790	89.9999999999999	140	40	0
791	89.9999999999999	150	40	0
792	80	110	40	0
793	80	120	40	0
794	80	130	40	0
795	80	140	40	0
796	80	150	40	0
797	69.9999999999999	110	40	0
798	69.9999999999999	120	40	0
799	69.9999999999999	130	40	0
800	69.9999999999999	140	40	0
801	70	150	40	0
802	60	110	40	0
803	60	120	40	0
804	60	130	40	0
805	60	140	40	0
806	60	150	40	0
807	50	110	40	0
808	50	120	40	0
809	50	130	40	0
810	50	140	40	0
811	50	150	40	0
812	40	110	40	0
813	40	120	40	0
814	40	130	40	0
815	40	140	40	0
816	40	150	40	0
817	30	110	40	0
818	30	120	40	0
819	30	130	40	0
820	30	140	40	0
821	30	150	40	0
822	20	110	40	0
823	20	120	40	0
824	20	130	40	0
825	20	140	40	0
826	20	150	40	0
827	9.99999999999999	110	40	0
828	10	120	40	0
829	10	130	40	0
830	9.99999999999999	140	40	0
831	10	150	40	0
832	0	110	40	0
833	0	120	40	0
834	0	130	40	0
835	0	140	40	0
836	0	150	40	0
837	100	110	30	0
838	100	120	30	0
839	100	130	30	0
840	100	140	30	0
841	100	150	30	0
842	89.9999999999999	110	30	0
843	90.0000000000001	120	30	0
844	90	130	30	0
845	89.9999999999999	140	30	0
846	89.9999999999999	150	30	0
847	80	110	30	0
848	80	120	30	0
849	80	130	30	0
850	80	140	30	0
851	80	150	30	0
852	70	110	30	0
853	70	120	30	0
854	70	130	30	0
855	70	140	30	0
856	70	150	30	0
857	60	110	30	0
858	60	120	30	0
859	60	130	30	0
860	60	140	30	0
861	60	150	30	0
862	50	110	30	0
863	50	120	30	0
864	50	130	30	0
865	50	140	30	0
866	50	150	30	0
867	40	110	30	0
868	40	120	30	0
869	40	130	30	0
870	40	140	30	0
871	40	150	30	0
872	30	110	30	0
873	30	120	30	0
874	30	130	30	0
875	30	140	30	0
876	30	150	30	0
877	20	110	30	0
878	20	120	30	0
879	20	130	30	0
880	20	140	30	0
881	20	150	30	0
882	10	110	30	0
883	10	120	30	0
884	10	130	30	0
885	10	140	30	0
886	10	150	30	0
887	0	110	30	0
888	0	120	30	0
889	0	130	30	0
890	0	140	30	0
891	0	150	30	0
892	100	110	20	0
893	100	120	20	0
894	100	130	20	0
895	100	140	20	0
896	100	150	20	0
897	89.9999999999999	110	20	0
898	89.9999999999999	120	20	0
899	90	130	20	0
900	89.9999999999999	140	20	0
901	89.9999999999999	150	20	0
902	80	110	20	0
903	80	120	20	0
904	80	130	20	0
905	80	140	20	0
906	80	150	20	0
907	70	110	20	0
908	70	120	20	0
909	70	130	20	0
910	70	140	20	0
911	70	150	20	0
912	60	110	20	0
913	60	120	20	0
914	60	130	20	0
915	60	140	20	0
916	60	150	20	0
917	50	110	20	0
918	50	120	20	0
919	50	130	20	0
920	50	140	20	0
921	50	150	20	0
922	40	110	20	0
923	40	120	20	0
924	40	130	20	0
925	40	140	20	0
926	40	150	20	0
927	30	110	20	0
928	30	120	20	0
929	30	130	20	0
930	30	140	20	0
931	30	150	20	0
932	20	110	20	0
933	20	120	20	0
934	20	130	20	0
935	20	140	20	0
936	20	150	20	0
937	10	110	20	0
938	10	120	20	0
939	10	130	20	0
940	10	140	20	0
941	10	150	20	0
942	0	110	20	0
943	0	120	20	0
944	0	130	20	0
945	0	140	20	0
946	0	150	20	0
947	100	110	10	0
948	100	120	10	0
949	100	130	10	0
950	100	140	10	0
951	100	150	10	0
952	89.9999999999999	110	10	0
953	89.9999999999999	120	10	0
954	89.9999999999999	130	10	0
955	89.9999999999999	140	10	0
956	89.9999999999999	150	10	0
957	80	110	10	0
958	80	120	10	0
959	80	130	10	0
960	80	140	10	0
961	80	150	10	0
962	69.9999999999999	110	10	0
963	70	120	9.99999999999999	0
964	69.9999999999999	130	10	0
965	69.9999999999999	140	10	0
966	70	150	10	0
967	60	110	10	0
968	60	120	10	0
969	60	130	10	0
970	60	140	10	0
971	60	150	10	0
972	50	110	10	0
973	50	120	10	0
974	50	130	10	0
975	50	140	10	0
976	50	150	10	0
977	40	110	10	0
978	40	120	10	0
979	40	130	10	0
980	40	140	10	0
981	40	150	10	0
982	30	110	10	0
983	30	120	10	0
984	30	130	10	0
985	30	140	10	0
986	30	150	10	0
987	20	110	9.99999999999999	0
988	20	120	10	0
989	20	130	10	0
990	20	140	10	0
991	20	150	10	0
992	9.99999999999999	110	9.99999999999999	0
993	10	120	9.99999999999999	0
994	10	130	10	0
995	9.99999999999999	140	9.99999999999999	0
996	10	150	10	0
997	0	110	10	0
998	0	120	10	0
999	0	130	10	0
1000	0	140	10	0
1001	0	150	10	0
1002	100	110	0	0
1003	100	120	0	0
1004	100	130	0	0
1005	100	140	0	0
1006	100	150	0	0
1007	89.9999999999999	110	0	0
1008	90	120	0	0
1009	90	130	0	0
1010	90	140	0	0
1011	90	150	0	0
1012	80	110	0	0
1013	80	120	0	0
1014	80	130	0	0
1015	80	140	0	0
1016	80	150	0	0
1017	70	110	0	0
1018	70	120	0	0
1019	70	130	0	0
1020	70	140	0	0
1021	70	150	0	0
1022	60	110	0	0
1023	60	120	0	0
1024	60	130	0	0
1025	60	140	0	0
1026	60	150	0	0
1027	50	110	0	0
1028	50	120	0	0
1029	50	130	0	0
1030	50	140	0	0
1031	50	150	0	0
1032	40	110	0	0
1033	40	120	0	0
1034	40	130	0	0
1035	40	140	0	0
1036	40	150	0	0
1037	30	110	0	0
1038	30	120	0	0
1039	30	130	0	0
1040	30	140	0	0
1041	30	150	0	0
1042	20	110	0	0
1043	20	120	0	0
1044	20	130	0	0
1045	20	140	0	0
1046	20	150	0	0
1047	10	110	0	0
1048	10	120	0	0
1049	10	130	0	0
1050	10	140	0	0
1051	10	150	0	0
1052	0	110	0	0
1053	0	120	0	0
1054	0	130	0	0
1055	0	140	0	0
1056	0	150	0	0
1057	100	0	100	0
1058	100	10	100	0
1059	100	20	100	0
1060	100	30	100	0
1061	100	40	100	0
1062	100	50	100	0
1063	90	0	100	0
1064	90	10	100	0
1065	90	20	100	0
1066	90	30	100	0
1067	90	40	100	0
1068	90	50	100	0
1069	80	0	100	0
1070	80	9.99999999999999	100	0
1071	80	20	100	0
1072	80	30	100	0
1073	80	40	100	0
1074	80	50	100	0
1075	70	0	100	0
1076	70	10	100	0
1077	70	20	100	0
1078	70	30	100	0
1079	70	40	100	0
1080	70	50	100	0
1081	60	0	100	0
1082	60	10	100	0
1083	60	20	100	0
1084	60	30	100	0
1085	60	40	100	0
1086	60	50	100	0
1087	50	0	100	0
1088	50	10	100	0
1089	50	20	100	0
1090	50	30	100	0
1091	50	40	100	0
1092	50	50	100	0
1093	40	0	100	0
1094	40	10	100	0
1095	40	20	100	0
1096	40	30	100	0
1097	40	40	100	0
1098	40	50	100	0
1099	30	0	100	0
1100	30	10	100	0
1101	30	20	100	0
1102	30	30	100	0
1103	30	40	100	0
1104	30	50	100	0
1105	20	0	100	0
1106	20	10	100	0
1107	20	20	100	0
1108	20	30	100	0
1109	20	40	100	0
1110	20	50	100	0
1111	10	0	100	0
1112	10	10	100	0
1113	10	20	100	0
1114	10	30	100	0
1115	10	40	100	0
1116	10	50	100	0
1117	0	0	100	0
1118	0	10	100	0
1119	0	20	100	0
1120	0	30	100	0
1121	0	40	100	0
1122	0	50	100	0
1123	100	0	90	0
1124	100	10	90	0
1125	100	20	90	0
1126	100	30	90	0
1127	100	40	90	0
1128	100	50	90	0
1129	89.9999999999999	0	90	0
1130	89.9999999999999	10	90	0
1131	90	20	90	0
1132	89.9999999999999	30	90	0
1133	89.9999999999999	40	90	0
1134	89.9999999999999	50	90	0
1135	80	0	90	0
1136	80	10	90	0
1137	80	20	90	0
1138	80	30	90	0
1139	80	40	90	0
1140	80	50	90	0
1141	70	0	90	0
1142	69.9999999999999	10	90	0
1143	69.9999999999999	20	90	0
1144	69.9999999999999	30	90	0
1145	69.9999999999999	40	90	0
1146	70	50	90	0
1147	60	0	90	0
1148	60	10	90	0
1149	60	20	90.0000000000001	0
1150	60	30	90	0
1151	60	40	90	0
1152	60	50	90	0
1153	50	0	90	0
1154	50	10	90	0
1155	50	20	90	0
1156	50	30	90	0
1157	50	40	90	0
1158	50	50	90	0
1159	40	0	90	0
1160	40	10	90	0
1161	40	20	90	0
1162	40	30	90	0
1163	40	40	90	0
1164	40	50	90	0
1165	30	0	90	0
1166	30	10	90	0
1167	30	20	90	0
1168	30	30	90	0
1169	30	40	90	0
1170	30	50	90	0
1171	20	0	90	0
1172	20	10	90	0
1173	20	20	90	0
1174	20	30	90	0
1175	20	40	90	0
1176	20	50	90	0
1177	10	0	90	0
1178	9.99999999999999	10	90	0
1179	10	20	90	0
1180	10	30	90	0
1181	9.99999999999999	40	90	0
1182	10	50	90	0
1183	0	0	90	0
1184	0	10	90	0
1185	0	20	90	0
1186	0	30	90	0
1187	0	40	90	0
1188	0	50	90	0
1189	100	0	80	0
1190	100	10	80	0
1191	100	20	80	0
1192	100	30	80	0
1193	100	40	80	0
1194	100	50	80	0
1195	89.9999999999999	0	80	0
1196	89.9999999999999	10	80	0
1197	90.0000000000001	20	80	0
1198	90	30	80	0
1199	89.9999999999999	40	80	0
1200	89.9999999999999	50	80	0
1201	80	0	80	0
1202	80	9.99999999999999	80	0
1203	80	20	80	0
1204	80	30	80	0
1205	80	40	80	0
1206	80	50	80	0
1207	70	0	80	0
1208	70	10	80	0
1209	70	20	79.9999999999999	0
1210	70	30	80	0
1211	70	40	80	0
1212	70	50	80	0
1213	60	0	80	0
1214	60	10	80	0
1215	60	20	80	0
1216	60	30	80	0
1217	60	40	80	0
1218	60	50	80	0
1219	50	0	80	0
1220	50	10	80	0
1221	50	20	80	0
1222	50	30	80	0
1223	50	40	80	0
1224	50	50	80	0
1225	40	0	80	0
1226	40	10	80	0
1227	40	20	80	0
1228	40	30	80	0
1229	40	40	80	0
1230	40	50	80	0
1231	30	0	80	0
1232	30	10	80	0
1233	30	20	80	0
1234	30	30	80	0
1235	30	40	80	0
1236	30	50	80	0
1237	20	0	80	0
1238	20	10	80	0
1239	20	20	80	0
1240	20	30	80	0
1241	20	40	80	0
1242	20	50	80	0
1243	10	0	80	0
1244	10	10	80	0
1245	10	20	80	0
1246	10	30	80	0
1247	10	40	80	0
1248	10	50	80	0
1249	0	0	80	0
1250	0	10	80	0
1251	0	20	80	0
1252	0	30	80	0
1253	0	40	80	0
1254	0	50	80	0
1255	100	0	70	0
1256	100	10	70	0
1257	100	20	70	0
1258	100	30	70	0
1259	100	40	70	0
1260	100	50	70	0
1261	89.9999999999999	0	70	0
1262	89.9999999999999	10	70	0
1263	89.9999999999999	20	70	0
1264	90	30	70	0
1265	89.9999999999999	40	70	0
1266	89.9999999999999	50	70	0
1267	80	0	70	0
1268	80	9.99999999999999	70	0
1269	80	20	70	0
1270	80	30	70	0
1271	80	40	70	0
1272	80	50	70	0
1273	70	0	70	0
1274	70	10	70	0
1275	70	20	70	0
1276	70	30	70	0
1277	70	40	70	0
1278	70	50	70	0
1279	60	0	70	0
1280	60	10	70	0
1281	60	20	70	0
1282	60	30	70	0
1283	60	40	70	0
1284	60	50	70	0
1285	50	0	70	0
1286	50	10	70	0
1287	50	20	70	0
1288	50	30	70	0
1289	50	40	70	0
1290	50	50	70	0
1291	40	0	70	0
1292	40	10	70	0
1293	40	20	70	0
1294	40	30	70	0
1295	40	40	70	0
1296	40	50	70	0
1297	30	0	70	0
1298	30	10	70	0
1299	30	20	70	0
1300	30	30	70	0
1301	30	40	70	0
1302	30	50	70	0
1303	20	0	70	0
1304	20	10	70	0
1305	20	20	70	0
1306	20	30	70	0
1307	20	40	70	0
1308	20	50	70	0
1309	10	0	70	0
1310	10	10	70	0
1311	10	20	70	0
1312	10	30	70	0
1313	10	40	70	0
1314	10	50	70	0
1315	0	0	70	0
1316	0	10	70	0
1317	0	20	70	0
1318	0	30	70	0
1319	0	40	70	0
1320	0	50	70	0
1321	100	0	60	0
1322	100	10	60	0
1323	100	20	60	0
1324	100	30	60	0
1325	100	40	60	0
1326	100	50	60	0
1327	89.9999999999999	0	60	0
1328	89.9999999999999	10	60	0
1329	89.9999999999999	20	60	0
1330	89.9999999999999	30	60	0
1331	89.9999999999999	40	60	0
1332	89.9999999999999	50	60	0
1333	80	0	60	0
1334	80	9.99999999999999	60	0
1335	80	20	60	0
1336	80	30	60	0
1337	80	40	60	0
1338	80	50	60	0
1339	70	0	60	0
1340	69.9999999999999	9.99999999999999	60	0
1341	70	20	60	0
1342	69.9999999999999	30	60	0
1343	69.9999999999999	40	60	0
1344	70	50	60	0
1345	60	0	60	0
1346	60	9.99999999999999	60	0
1347	60	20	60	0
1348	60	30	60	0
1349	60	40	60	0
1350	60	50	60	0
1351	50	0	60	0
1352	50	10	60	0
1353	50	20	60	0
1354	50	30	60	0
1355	50	40	60	0
1356	50	50	60	0
1357	40	0	60	0
1358	40	10	60	0
1359	40	20	60	0
1360	40	30	60	0
1361	40	40	60	0
1362	40	50	60	0
1363	30	0	60	0
1364	30	10	60	0
1365	30	20	60	0
1366	30	30	60	0
1367	30	40	60	0
1368	30	50	60	0
1369	20	0	60	0
1370	20	10	60	0
1371	20	20	60	0
1372	20	30	60	0
1373	20	40	60	0
1374	20	50	60	0
1375	10	0	60	0
1376	9.99999999999999	10	60	0
1377	10	20	60	0
1378	10	30	60	0
1379	9.99999999999999	40	60	0
1380	10	50	60	0
1381	0	0	60	0
1382	0	10	60	0
1383	0	20	60	0
1384	0	30	60	0
1385	0	40	60	0
1386	0	50	60	0
1387	100	60	100	0
1388	100	70	100	0
1389	100	80	100	0
1390	100	90	100	0
1391	100	100	100	0
1392	90	60	100	0
1393	90	70	100	0
1394	90	80	100	0
1395	90	90	100	0
1396	90	100	100	0
1397	80	60	100	0
1398	80	70	100	0
1399	80	80	100	0
1400	80	90	100	0
1401	80	100	100	0
1402	70	60	100	0
1403	70	70	100	0
1404	70	80	100	0
1405	70	90	100	0
1406	70	100	100	0
1407	60	60	100	0
1408	60	70	100	0
1409	60	80	100	0
1410	60	90	100	0
1411	60	100	100	0
1412	50	60	100	0
1413	50	70	100	0
1414	50	80	100	0
1415	50	90	100	0
1416	50	100	100	0
1417	40	60	100	0
1418	40	70	100	0
1419	40	80	100	0
1420	40	90	100	0
1421	40	100	100	0
1422	30	60	100	0
1423	30	70	100	0
1424	30	80	100	0
1425	30	90	100	0
1426	30	100	100	0
1427	20	60	100	0
1428	20	70	100	0
1429	20	80	100	0
1430	20	90	100	0
1431	20	100	100	0
1432	10	60	100	0
1433	10	70	100	0
1434	10	80	100	0
1435	10	90	100	0
1436	10	100	100	0
1437	0	60	100	0
1438	0	70	100	0
1439	0	80	100	0
1440	0	90	100	0
1441	0	100	100	0
1442	100	60	90	0
1443	100	70	90	0
1444	100	80	90	0
1445	100	90	90	0
1446	100	100	90	0
1447	89.9999999999999	60	90	0
1448	90	70	90	0
1449	89.9999999999999	80	90	0
1450	89.9999999999999	90	90	0
1451	89.9999999999999	100	90	0
1452	80	60	90	0
1453	80	70	90	0
1454	80	80	90	0
1455	80	90	90	0
1456	80	100	90	0
1457	69.9999999999999	60	90	0
1458	69.9999999999999	70	90	0
1459	69.9999999999999	80	90	0
1460	69.9999999999999	90	90	0
1461	70	100	90	0
1462	60	60	90	0
1463	60	70	90.0000000000001	0
1464	60	80	90	0
1465	60	90	90	0
1466	60	100	90	0
1467	50	60	90	0
1468	50	70	90	0
1469	50	80	90	0
1470	50	90	90	0
1471	50	100	90	0
1472	40	60	90	0
1473	40	70	90	0
1474	40	80	90	0
1475	40	90	90	0
1476	40	100	90	0
1477	30	60	90	0
1478	30	70	90	0
1479	30	80	90	0
1480	30	90	90	0
1481	30	100	90	0
1482	20	60	90	0
1483	20	70	90	0
1484	20	80	90	0
1485	20	90	90	0
1486	20	100	90	0
1487	9.99999999999999	60	90	0
1488	10	70	90	0
1489	10	80	90	0
1490	9.99999999999999	90	90	0
1491	10	100	90	0
1492	0	60	90	0
1493	0	70	90	0
1494	0	80	90	0
1495	0	90	90	0
1496	0	100	90	0
1497	100	60	80	0
1498	100	70	80	0
1499	100	80	80	0
1500	100	90	80	0
1501	100	100	80	0
1502	89.9999999999999	60	80	0
1503	90.0000000000001	70	80	0
1504	90	80	80	0
1505	89.9999999999999	90	80	0
1506	89.9999999999999	100	80	0
1507	80	60	80	0
1508	80	70	80	0
1509	80	80	80	0
1510	80	90	80	0
1511	80	100	80	0
1512	70	60	80	0
1513	70	70	79.9999999999999	0
1514	70	80	80	0
1515	70	90	80	0
1516	70	100	80	0
1517	60	60	80	0
1518	60	70	80	0
1519	60	80	80	0
1520	60	90	80	0
1521	60	100	80	0
1522	50	60	80	0
1523	50	70	80	0
1524	50	80	80	0
1525	50	90	80	0
1526	50	100	80	0
1527	40	60	80	0
1528	40	70	80	0
1529	40	80	80	0
1530	40	90	80	0
1531	40	100	80	0
1532	30	60	80	0
1533	30	70	80	0
1534	30	80	80	0
1535	30	90	80	0
1536	30	100	80	0
1537	20	60	80	0
1538	20	70	80	0
1539	20	80	80	0
1540	20	90	80	0
1541	20	100	80	0
1542	10	60	80	0
1543	10	70	80	0
1544	10	80	80	0
1545	10	90	80	0
1546	10	100	80	0
1547	0	60	80	0
1548	0	70	80	0
1549	0	80	80	0
1550	0	90	80	0
1551	0	100	80	0
1552	100	60	70	0
1553	100	70	70	0
1554	100	80	70	0
1555	100	90	70	0
1556	100	100	70	0
1557	89.9999999999999	60	70	0
1558	89.9999999999999	70	70	0
1559	90	80	70	0
1560	89.9999999999999	90	70	0
1561	89.9999999999999	100	70	0
1562	80	60	70	0
1563	80	70	70	0
1564	80	80	70	0
1565	80	90	70	0
1566	80	100	70	0
1567	70	60	70	0
1568	70	70	70	0
1569	70	80	70	0
1570	70	90	70	0
1571	70	100	70	0
1572	60	60	70	0
1573	60	70	70	0
1574	60	80	70	0
1575	60	90	70	0
1576	60	100	70	0
1577	50	60	70	0
1578	50	70	70	0
1579	50	80	70	0
1580	50	90	70	0
1581	50	100	70	0
1582	40	60	70	0
1583	40	70	70	0
1584	40	80	70	0
1585	40	90	70	0
1586	40	100	70	0
1587	30	60	70	0
1588	30	70	70	0
1589	30	80	70	0
1590	30	90	70	0
1591	30	100	70	0
1592	20	60	70	0
1593	20	70	70	0
1594	20	80	70	0
1595	20	90	70	0
1596	20	100	70	0
1597	10	60	70	0
1598	10	70	70	0
1599	10	80	70	0
1600	10	90	70	0
1601	10	100	70	0
1602	0	60	70	0
1603	0	70	70	0
1604	0	80	70	0
1605	0	90	70	0
1606	0	100	70	0
1607	100	60	60	0
1608	100	70	60	0
1609	100	80	60	0
1610	100	90	60	0
1611	100	100	60	0
1612	89.9999999999999	60	60	0
1613	89.9999999999999	70	60	0
1614	89.9999999999999	80	60	0
1615	89.9999999999999	90	60	0
1616	89.9999999999999	100	60	0
1617	80	60	60	0
1618	80	70	60	0
1619	80	80	60	0
1620	80	90	60	0
1621	80	100	60	0
1622	69.9999999999999	60	60	0
1623	70	70	60	0
1624	69.9999999999999	80	60	0
1625	69.9999999999999	90	60	0
1626	70	100	60	0
1627	60	60	60	0
1628	60	70	60	0
1629	60	80	60	0
1630	60	90	60	0
1631	60	100	60	0
1632	50	60	60	0
1633	50	70	60	0
1634	50	80	60	0
1635	50	90	60	0
1636	50	100	60	0
1637	40	60	60	0
1638	40	70	60	0
1639	40	80	60	0
1640	40	90	60	0
1641	40	100	60	0
1642	30	60	60	0
1643	30	70	60	0
1644	30	80	60	0
1645	30	90	60	0
1646	30	100	60	0
1647	20	60	60	0
1648	20	70	60	0
1649	20	80	60	0
1650	20	90	60	0
1651	20	100	60	0
1652	9.99999999999999	60	60	0
1653	10	70	60	0
1654	10	80	60	0
1655	9.99999999999999	90	60	0
1656	10	100	60	0
1657	0	60	60	0
1658	0	70	60	0
1659	0	80	60	0
1660	0	90	60	0
1661	0	100	60	0
1662	100	110	100	0
1663	100	120	100	0
1664	100	130	100	0
1665	100	140	100	0
1666	100	150	100	0
1667	90	110	100	0
1668	90	120	100	0
1669	90	130	100	0
1670	90	140	100	0
1671	90	150	100	0
1672	80	110	100	0
1673	80	120	100	0
1674	80	130	100	0
1675	80	140	100	0
1676	80	150	100	0
1677	70	110	100	0
1678	70	120	100	0
1679	70	130	100	0
1680	70	140	100	0
1681	70	150	100	0
1682	60	110	100	0
1683	60	120	100	0
1684	60	130	100	0
1685	60	140	100	0
1686	60	150	100	0
1687	50	110	100	0
1688	50	120	100	0
1689	50	130	100	0
1690	50	140	100	0
1691	50	150	100	0
1692	40	110	100	0
1693	40	120	100	0
1694	40	130	100	0
1695	40	140	100	0
1696	40	150	100	0
1697	30	110	100	0
1698	30	120	100	0
1699	30	130	100	0
1700	30	140	100	0
1701	30	150	100	0
1702	20	110	100	0
1703	20	120	100	0
1704	20	130	100	0
1705	20	140	100	0
1706	20	150	100	0
1707	10	110	100	0
1708	10	120	100	0
1709	10	130	100	0
1710	10	140	100	0
1711	10	150	100	0
1712	0	110	100	0
1713	0	120	100	0
1714	0	130	100	0
1715	0	140	100	0
1716	0	150	100	0
1717	100	110	90	0
1718	100	120	90	0
1719	100	130	90	0
1720	100	140	90	0
1721	100	150	90	0
1722	89.9999999999999	110	90	0
1723	90	120	90	0
1724	89.9999999999999	130	90	0
1725	89.9999999999999	140	90	0
1726	89.9999999999999	150	90	0
1727	80	110	90	0
1728	80	120	90	0
1729	80	130	90	0
1730	80	140	90	0
1731	80	150	90	0
1732	69.9999999999999	110	90	0
1733	69.9999999999999	120	90	0
1734	69.9999999999999	130	90	0
1735	69.9999999999999	140	90	0
1736	70	150	90	0
1737	60	110	90	0
1738	60	120	90.0000000000001	0
1739	60	130	90	0
1740	60	140	90	0
1741	60	150	90	0
1742	50	110	90	0
1743	50	120	90	0
1744	50	130	90	0
1745	50	140	90	0
1746	50	150	90	0
1747	40	110	90	0
1748	40	120	90	0
1749	40	130	90	0
1750	40	140	90	0
1751	40	150	90	0
1752	30	110	90	0
1753	30	120	90	0
1754	30	130	90	0
1755	30	140	90	0
1756	30	150	90	0
1757	20	110	90	0
1758	20	120	90	0
1759	20	130	90	0
1760	20	140	90	0
1761	20	150	90	0
1762	9.99999999999999	110	90	0
1763	10	120	90	0
1764	10	130	90	0
1765	9.99999999999999	140	90	0
1766	10	150	90	0
1767	0	110	90	0
1768	0	120	90	0
1769	0	130	90	0
1770	0	140	90	0
1771	0	150	90	0
1772	100	110	80	0
1773	100	120	80	0
1774	100	130	80	0
1775	100	140	80	0
1776	100	150	80	0
1777	89.9999999999999	110	80	0
1778	90.0000000000001	120	80	0
1779	90	130	80	0
1780	89.9999999999999	140	80	0
1781	89.9999999999999	150	80	0
1782	80	110	80	0
1783	80	120	80	0
1784	80	130	80	0
1785	80	140	80	0
1786	80	150	80	0
1787	70	110	80	0
1788	70	120	79.9999999999999	0
1789	70	130	80	0
1790	70	140	80	0
1791	70	150	80	0
1792	60	110	80	0
1793	60	120	80	0
1794	60	130	80	0
1795	60	140	80	0
1796	60	150	80	0
1797	50	110	80	0
1798	50	120	80	0
1799	50	130	80	0
1800	50	140	80	0
1801	50	150	80	0
1802	40	110	80	0
1803	40	120	80	0
1804	40	130	80	0
1805	40	140	80	0
1806	40	150	80	0
1807	30	110	80	0
1808	30	120	80	0
1809	30	130	80	0
1810	30	140	80	0
1811	30	150	80	0
1812	20	110	80	0
1813	20	120	80	0
1814	20	130	80	0
1815	20	140	80	0
1816	20	150	80	0
1817	10	110	80	0
1818	10	120	80	0
1819	10	130	80	0
1820	10	140	80	0
1821	10	150	80	0
1822	0	110	80	0
1823	0	120	80	0
1824	0	130	80	0
1825	0	140	80	0
1826	0	150	80	0
1827	100	110	70	0
1828	100	120	70	0
1829	100	130	70	0
1830	100	140	70	0
1831	100	150	70	0
1832	89.9999999999999	110	70	0
1833	89.9999999999999	120	70	0
1834	90	130	70	0
1835	89.9999999999999	140	70	0
1836	89.9999999999999	150	70	0
1837	80	110	70	0
1838	80	120	70	0
1839	80	130	70	0
1840	80	140	70	0
1841	80	150	70	0
1842	70	110	70	0
1843	70	120	70	0
1844	70	130	70	0
1845	70	140	70	0
1846	70	150	70	0
1847	60	110	70	0
1848	60	120	70	0
1849	60	130	70	0
1850	60	140	70	0
1851	60	150	70	0
1852	50	110	70	0
1853	50	120	70	0
1854	50	130	70	0
1855	50	140	70	0
1856	50	150	70	0
1857	40	110	70	0
1858	40	120	70	0
1859	40	130	70	0
1860	40	140	70	0
1861	40	150	70	0
1862	30	110	70	0
1863	30	120	70	0
1864	30	130	70	0
1865	30	140	70	0
1866	30	150	70	0
1867	20	110	70	0
1868	20	120	70	0
1869	20	130	70	0
1870	20	140	70	0
1871	20	150	70	0
1872	10	110	70	0
1873	10	120	70	0
1874	10	130	70	0
1875	10	140	70	0
1876	10	150	70	0
1877	0	110	70	0
1878	0	120	70	0
1879	0	130	70	0
1880	0	140	70	0
1881	0	150	70	0
1882	100	110	60	0
1883	100	120	60	0
1884	100	130	60	0
1885	100	140	60	0
1886	100	150	60	0
1887	89.9999999999999	110	60	0
1888	89.9999999999999	120	60	0
1889	89.9999999999999	130	60	0
1890	89.9999999999999	140	60	0
1891	89.9999999999999	150	60	0
1892	80	110	60	0
1893	80	120	60	0
1894	80	130	60	0
1895	80	140	60	0
1896	80	150	60	0
1897	69.9999999999999	110	60	0
1898	70	120	60	0
1899	69.9999999999999	130	60	0
1900	69.9999999999999	140	60	0
1901	70	150	60	0
1902	60	110	60	0
1903	60	120	60	0
1904	60	130	60	0
1905	60	140	60	0
1906	60	150	60	0
1907	50	110	60	0
1908	50	120	60	0
1909	50	130	60	0
1910	50	140	60	0
1911	50	150	60	0
1912	40	110	60	0
1913	40	120	60	0
1914	40	130	60	0
1915	40	140	60	0
1916	40	150	60	0
1917	30	110	60	0
1918	30	120	60	0
1919	30	130	60	0
1920	30	140	60	0
1921	30	150	60	0
1922	20	110	60	0
1923	20	120	60	0
1924	20	130	60	0
1925	20	140	60	0
1926	20	150	60	0
1927	9.99999999999999	110	60	0
1928	10	120	60	0
1929	10	130	60	0
1930	9.99999999999999	140	60	0
1931	10	150	60	0
1932	0	110	60	0
1933	0	120	60	0
1934	0	130	60	0
1935	0	140	60	0
1936	0	150	60	0
1937	100	0	150	0
1938	100	10	150	0
1939	100	20	150	0
1940	100	30	150	0
1941	100	40	150	0
1942	100	50	150	0
1943	90	0	150	0
1944	90	10	150	0
1945	90	20	150	0
1946	90	30	150	0
1947	90	40	150	0
1948	90	50	150	0
1949	80	0	150	0
1950	80	9.99999999999999	150	0
1951	80	20	150	0
1952	80	30	150	0
1953	80	40	150	0
1954	80	50	150	0
1955	70	0	150	0
1956	70	10	150	0
1957	70	20	150	0
1958	70	30	150	0
1959	70	40	150	0
1960	70	50	150	0
1961	60	0	150	0
1962	60	10	150	0
1963	60	20	150	0
1964	60	30	150	0
1965	60	40	150	0
1966	60	50	150	0
1967	50	0	150	0
1968	50	10	150	0
1969	50	20	150	0
1970	50	30	150	0
1971	50	40	150	0
1972	50	50	150	0
1973	40	0	150	0
1974	40	10	150	0
1975	40	20	150	0
1976	40	30	150	0
1977	40	40	150	0
1978	40	50	150	0
1979	30	0	150	0
1980	30	10	150	0
1981	30	20	150	0
1982	30	30	150	0
1983	30	40	150	0
1984	30	50	150	0
1985	20	0	150	0
1986	20	10	150	0
1987	20	20	150	0
1988	20	30	150	0
1989	20	40	150	0
1990	20	50	150	0
1991	10	0	150	0
1992	10	10	150	0
1993	10	20	150	0
1994	10	30	150	0
1995	10	40	150	0
1996	10	50	150	0
1997	0	0	150	0
1998	0	10	150	0
1999	0	20	150	0
2000	0	30	150	0
2001	0	40	150	0
2002	0	50	150	0
2003	100	0	140	0
2004	100	10	140	0
2005	100	20	140	0
2006	100	30	140	0
2007	100	40	140	0
2008	100	50	140	0
2009	89.9999999999999	0	140	0
2010	89.9999999999999	10	140	0
2011	90	20	140	0
2012	89.9999999999999	30	140	0
2013	89.9999999999999	40	140	0
2014	89.9999999999999	50	140	0
2015	80	0	140	0
2016	80	10	140	0
2017	80	20	140	0
2018	80	30	140	0
2019	80	40	140	0
2020	80	50	140	0
2021	70	0	140	0
2022	69.9999999999999	10	140	0
2023	69.9999999999999	20	140	0
2024	69.9999999999999	30	140	0
2025	69.9999999999999	40	140	0
2026	70	50	140	0
2027	60	0	140	0
2028	60	10	140	0
2029	60	20	140	0
2030	60	30	140	0
2031	60	40	140	0
2032	60	50	140	0
2033	50	0	140	0
2034	50	10	140	0
2035	50	20	140	0
2036	50	30	140	0
2037	50	40	140	0
2038	50	50	140	0
2039	40	0	140	0
2040	40	10	140	0
2041	40	20	140	0
2042	40	30	140	0
2043	40	40	140	0
2044	40	50	140	0
2045	30	0	140	0
2046	30	10	140	0
2047	30	20	140	0
2048	30	30	140	0
2049	30	40	140	0
2050	30	50	140	0
2051	20	0	140	0
2052	20	10	140	0
2053	20	20	140	0
2054	20	30	140	0
2055	20	40	140	0
2056	20	50	140	0
2057	10	0	140	0
2058	9.99999999999999	10	140	0
2059	10	20	140	0
2060	10	30	140	0
2061	9.99999999999999	40	140	0
2062	10	50	140	0
2063	0	0	140	0
2064	0	10	140	0
2065	0	20	140	0
2066	0	30	140	0
2067	0	40	140	0
2068	0	50	140	0
2069	100	0	130	0
2070	100	10	130	0
2071	100	20	130	0
2072	100	30	130	0
2073	100	40	130	0
2074	100	50	130	0
2075	89.9999999999999	0	130	0
2076	89.9999999999999	10	130	0
2077	90.0000000000001	20	130	0
2078	90	30	130	0
2079	89.9999999999999	40	130	0
2080	89.9999999999999	50	130	0
2081	80	0	130	0
2082	80	9.99999999999999	130	0
2083	80	20	130	0
2084	80	30	130	0
2085	80	40	130	0
2086	80	50	130	0
2087	70	0	130	0
2088	70	10	130	0
2089	70	20	130	0
2090	70	30	130	0
2091	70	40	130	0
2092	70	50	130	0
2093	60	0	130	0
2094	60	10	130	0
2095	60	20	130	0
2096	60	30	130	0
2097	60	40	130	0
2098	60	50	130	0
2099	50	0	130	0
2100	50	10	130	0
2101	50	20	130	0
2102	50	30	130	0
2103	50	40	130	0
2104	50	50	130	0
2105	40	0	130	0
2106	40	10	130	0
2107	40	20	130	0
2108	40	30	130	0
2109	40	40	130	0
2110	40	50	130	0
2111	30	0	130	0
2112	30	10	130	0
2113	30	20	130	0
2114	30	30	130	0
2115	30	40	130	0
2116	30	50	130	0
2117	20	0	130	0
2118	20	10	130	0
2119	20	20	130	0
2120	20	30	130	0
2121	20	40	130	0
2122	20	50	130	0
2123	10	0	130	0
2124	10	10	130	0
2125	10	20	130	0
2126	10	30	130	0
2127	10	40	130	0
2128	10	50	130	0
2129	0	0	130	0
2130	0	10	130	0
2131	0	20	130	0
2132	0	30	130	0
2133	0	40	130	0
2134	0	50	130	0
2135	100	0	120	0
2136	100	10	120	0
2137	100	20	120	0
2138	100	30	120	0
2139	100	40	120	0
2140	100	50	120	0
2141	89.9999999999999	0	120	0
2142	89.9999999999999	10	120	0
2143	89.9999999999999	20	120	0
2144	90	30	120	0
2145	89.9999999999999	40	120	0
2146	89.9999999999999	50	120	0
2147	80	0	120	0
2148	80	9.99999999999999	120	0
2149	80	20	120	0
2150	80	30	120	0
2151	80	40	120	0
2152	80	50	120	0
2153	70	0	120	0
2154	70	10	120	0
2155	70	20	120	0
2156	70	30	120	0
2157	70	40	120	0
2158	70	50	120	0
2159	60	0	120	0
2160	60	10	120	0
2161	60	20	120	0
2162	60	30	120	0
2163	60	40	120	0
2164	60	50	120	0
2165	50	0	120	0
2166	50	10	120	0
2167	50	20	120	0
2168	50	30	120	0
2169	50	40	120	0
2170	50	50	120	0
2171	40	0	120	0
2172	40	10	120	0
2173	40	20	120	0
2174	40	30	120	0
2175	40	40	120	0
2176	40	50	120	0
2177	30	0	120	0
2178	30	10	120	0
2179	30	20	120	0
2180	30	30	120	0
2181	30	40	120	0
2182	30	50	120	0
2183	20	0	120	0
2184	20	10	120	0
2185	20	20	120	0
2186	20	30	120	0
2187	20	40	120	0
2188	20	50	120	0
2189	10	0	120	0
2190	10	10	120	0
2191	10	20	120	0
2192	10	30	120	0
2193	10	40	120	0
2194	10	50	120	0
2195	0	0	120	0
2196	0	10	120	0
2197	0	20	120	0
2198	0	30	120	0
2199	0	40	120	0
2200	0	50	120	0
2201	100	0	110	0
2202	100	10	110	0
2203	100	20	110	0
2204	100	30	110	0
2205	100	40	110	0
2206	100	50	110	0
2207	89.9999999999999	0	110	0
2208	89.9999999999999	10	110	0
2209	89.9999999999999	20	110	0
2210	89.9999999999999	30	110	0
2211	89.9999999999999	40	110	0
2212	89.9999999999999	50	110	0
2213	80	0	110	0
2214	80	9.99999999999999	110	0
2215	80	20	110	0
2216	80	30	110	0
2217	80	40	110	0
2218	80	50	110	0
2219	70	0	110	0
2220	69.9999999999999	9.99999999999999	110	0
2221	70	20	110	0
2222	69.9999999999999	30	110	0
2223	69.9999999999999	40	110	0
2224	70	50	110	0
2225	60	0	110	0
2226	60	9.99999999999999	110	0
2227	60	20	110	0
2228	60	30	110	0
2229	60	40	110	0
2230	60	50	110	0
2231	50	0	110	0
2232	50	10	110	0
2233	50	20	110	0
2234	50	30	110	0
2235	50	40	110	0
2236	50	50	110	0
2237	40	0	110	0
2238	40	10	110	0
2239	40	20	110	0
2240	40	30	110	0
2241	40	40	110	0
2242	40	50	110	0
2243	30	0	110	0
2244	30	10	110	0
2245	30	20	110	0
2246	30	30	110	0
2247	30	40	110	0
2248	30	50	110	0
2249	20	0	110	0
2250	20	10	110	0
2251	20	20	110	0
2252	20	30	110	0
2253	20	40	110	0
2254	20	50	110	0
2255	10	0	110	0
2256	9.99999999999999	10	110	0
2257	10	20	110	0
2258	10	30	110	0
2259	9.99999999999999	40	110	0
2260	10	50	110	0
2261	0	0	110	0
2262	0	10	110	0
2263	0	20	110	0
2264	0	30	110	0
2265	0	40	110	0
2266	0	50	110	0
2267	100	60	150	0
2268	100	70	150	0
2269	100	80	150	0
2270	100	90	150	0
2271	100	100	150	0
2272	90	60	150	0
2273	90	70	150	0
2274	90	80	150	0
2275	90	90	150	0
2276	90	100	150	0
2277	80	60	150	0
2278	80	70	150	0
2279	80	80	150	0
2280	80	90	150	0
2281	80	100	150	0
2282	70	60	150	0
2283	70	70	150	0
2284	70	80	150	0
2285	70	90	150	0
2286	70	100	150	0
2287	60	60	150	0
2288	60	70	150	0
2289	60	80	150	0
2290	60	90	150	0
2291	60	100	150	0
2292	50	60	150	0
2293	50	70	150	0
2294	50	80	150	0
2295	50	90	150	0
2296	50	100	150	0
2297	40	60	150	0
2298	40	70	150	0
2299	40	80	150	0
2300	40	90	150	0
2301	40	100	150	0
2302	30	60	150	0
2303	30	70	150	0
2304	30	80	150	0
2305	30	90	150	0
2306	30	100	150	0
2307	20	60	150	0
2308	20	70	150	0
2309	20	80	150	0
2310	20	90	150	0
2311	20	100	150	0
2312	10	60	150	0
2313	10	70	150	0
2314	10	80	150	0
2315	10	90	150	0
2316	10	100	150	0
2317	0	60	150	0
2318	0	70	150	0
2319	0	80	150	0
2320	0	90	150	0
2321	0	100	150	0
2322	100	60	140	0
2323	100	70	140	0
2324	100	80	140	0
2325	100	90	140	0
2326	100	100	140	0
2327	89.9999999999999	60	140	0
2328	90	70	140	0
2329	89.9999999999999	80	140	0
2330	89.9999999999999	90	140	0
2331	89.9999999999999	100	140	0
2332	80	60	140	0
2333	80	70	140	0
2334	80	80	140	0
2335	80	90	140	0
2336	80	100	140	0
2337	69.9999999999999	60	140	0
2338	69.9999999999999	70	140	0
2339	69.9999999999999	80	140	0
2340	69.9999999999999	90	140	0
2341	70	100	140	0
2342	60	60	140	0
2343	60	70	140	0
2344	60	80	140	0
2345	60	90	140	0
2346	60	100	140	0
2347	50	60	140	0
2348	50	70	140	0
2349	50	80	140	0
2350	50	90	140	0
2351	50	100	140	0
2352	40	60	140	0
2353	40	70	140	0
2354	40	80	140	0
2355	40	90	140	0
2356	40	100	140	0
2357	30	60	140	0
2358	30	70	140	0
2359	30	80	140	0
2360	30	90	140	0
2361	30	100	140	0
2362	20	60	140	0
2363	20	70	140	0
2364	20	80	140	0
2365	20	90	140	0
2366	20	100	140	0
2367	9.99999999999999	60	140	0
2368	10	70	140	0
2369	10	80	140	0
2370	9.99999999999999	90	140	0
2371	10	100	140	0
2372	0	60	140	0
2373	0	70	140	0
2374	0	80	140	0
2375	0	90	140	0
2376	0	100	140	0
2377	100	60	130	0
2378	100	70	130	0
2379	100	80	130	0
2380	100	90	130	0
2381	100	100	130	0
2382	89.9999999999999	60	130	0
2383	90.0000000000001	70	130	0
2384	90	80	130	0
2385	89.9999999999999	90	130	0
2386	89.9999999999999	100	130	0
2387	80	60	130	0
2388	80	70	130	0
2389	80	80	130	0
2390	80	90	130	0
2391	80	100	130	0
2392	70	60	130	0
2393	70	70	130	0
2394	70	80	130	0
2395	70	90	130	0
2396	70	100	130	0
2397	60	60	130	0
2398	60	70	130	0
2399	60	80	130	0
2400	60	90	130	0
2401	60	100	130	0
2402	50	60	130	0
2403	50	70	130	0
2404	50	80	130	0
2405	50	90	130	0
2406	50	100	130	0
2407	40	60	130	0
2408	40	70	130	0
2409	40	80	130	0
2410	40	90	130	0
2411	40	100	130	0
2412	30	60	130	0
2413	30	70	130	0
2414	30	80	130	0
2415	30	90	130	0
2416	30	100	130	0
2417	20	60	130	0
2418	20	70	130	0
2419	20	80	130	0
2420	20	90	130	0
2421	20	100	130	0
2422	10	60	130	0
2423	10	70	130	0
2424	10	80	130	0
2425	10	90	130	0
2426	10	100	130	0
2427	0	60	130	0
2428	0	70	130	0
2429	0	80	130	0
2430	0	90	130	0
2431	0	100	130	0
2432	100	60	120	0
2433	100	70	120	0
2434	100	80	120	0
2435	100	90	120	0
2436	100	100	120	0
2437	89.9999999999999	60	120	0
2438	89.9999999999999	70	120	0
2439	90	80	120	0
2440	89.9999999999999	90	120	0
2441	89.9999999999999	100	120	0
2442	80	60	120	0
2443	80	70	120	0
2444	80	80	120	0
2445	80	90	120	0
2446	80	100	120	0
2447	70	60	120	0
2448	70	70	120	0
2449	70	80	120	0
2450	70	90	120	0
2451	70	100	120	0
2452	60	60	120	0
2453	60	70	120	0
2454	60	80	120	0
2455	60	90	120	0
2456	60	100	120	0
2457	50	60	120	0
2458	50	70	120	0
2459	50	80	120	0
2460	50	90	120	0
2461	50	100	120	0
2462	40	60	120	0
2463	40	70	120	0
2464	40	80	120	0
2465	40	90	120	0
2466	40	100	120	0
2467	30	60	120	0
2468	30	70	120	0
2469	30	80	120	0
2470	30	90	120	0
2471	30	100	120	0
2472	20	60	120	0
2473	20	70	120	0
2474	20	80	120	0
2475	20	90	120	0
2476	20	100	120	0
2477	10	60	120	0
2478	10	70	120	0
2479	10	80	120	0
2480	10	90	120	0
2481	10	100	120	0
2482	0	60	120	0
2483	0	70	120	0
2484	0	80	120	0
2485	0	90	120	0
2486	0	100	120	0
2487	100	60	110	0
2488	100	70	110	0
2489	100	80	110	0
2490	100	90	110	0
2491	100	100	110	0
2492	89.9999999999999	60	110	0
2493	89.9999999999999	70	110	0
2494	89.9999999999999	80	110	0
2495	89.9999999999999	90	110	0
2496	89.9999999999999	100	110	0
2497	80	60	110	0
2498	80	70	110	0
2499	80	80	110	0
2500	80	90	110	0
2501	80	100	110	0
2502	69.9999999999999	60	110	0
2503	70	70	110	0
2504	69.9999999999999	80	110	0
2505	69.9999999999999	90	110	0
2506	70	100	110	0
2507	60	60	110	0
2508	60	70	110	0
2509	60	80	110	0
2510	60	90	110	0
2511	60	100	110	0
2512	50	60	110	0
2513	50	70	110	0
2514	50	80	110	0
2515	50	90	110	0
2516	50	100	110	0
2517	40	60	110	0
2518	40	70	110	0
2519	40	80	110	0
2520	40	90	110	0
2521	40	100	110	0
2522	30	60	110	0
2523	30	70	110	0
2524	30	80	110	0
2525	30	90	110	0
2526	30	100	110	0
2527	20	60	110	0
2528	20	70	110	0
2529	20	80	110	0
2530	20	90	110	0
2531	20	100	110	0
2532	9.99999999999999	60	110	0
2533	10	70	110	0
2534	10	80	110	0
2535	9.99999999999999	90	110	0
2536	10	100	110	0
2537	0	60	110	0
2538	0	70	110	0
2539	0	80	110	0
2540	0	90	110	0
2541	0	100	110	0
2542	100	110	150	0
2543	100	120	150	0
2544	100	130	150	0
2545	100	140	150	0
2546	100	150	150	0
2547	90	110	150	0
2548	90	120	150	0
2549	90	130	150	0
2550	90	140	150	0
2551	90	150	150	0
2552	80	110	150	0
2553	80	120	150	0
2554	80	130	150	0
2555	80	140	150	0
2556	80	150	150	0
2557	70	110	150	0
2558	70	120	150	0
2559	70	130	150	0
2560	70	140	150	0
2561	70	150	150	0
2562	60	110	150	0
2563	60	120	150	0
2564	60	130	150	0
2565	60	140	150	0
2566	60	150	150	0
2567	50	110	150	0
2568	50	120	150	0
2569	50	130	150	0
2570	50	140	150	0
2571	50	150	150	0
2572	40	110	150	0
2573	40	120	150	0
2574	40	130	150	0
2575	40	140	150	0
2576	40	150	150	0
2577	30	110	150	0
2578	30	120	150	0
2579	30	130	150	0
2580	30	140	150	0
2581	30	150	150	0
2582	20	110	150	0
2583	20	120	150	0
2584	20	130	150	0
2585	20	140	150	0
2586	20	150	150	0
2587	10	110	150	0
2588	10	120	150	0
2589	10	130	150	0
2590	10	140	150	0
2591	10	150	150	0
2592	0	110	150	0
2593	0	120	150	0
2594	0	130	150	0
2595	0	140	150	0
2596	0	150	150	0
2597	100	110	140	0
2598	100	120	140	0
2599	100	130	140	0
2600	100	140	140	0
2601	100	150	140	0
2602	89.9999999999999	110	140	0
2603	90	120	140	0
2604	89.9999999999999	130	140	0
2605	89.9999999999999	140	140	0
2606	89.9999999999999	150	140	0
2607	80	110	140	0
2608	80	120	140	0
2609	80	130	140	0
2610	80	140	140	0
2611	80	150	140	0
2612	69.9999999999999	110	140	0
2613	69.9999999999999	120	140	0
2614	69.9999999999999	130	140	0
2615	69.9999999999999	140	140	0
2616	70	150	140	0
2617	60	110	140	0
2618	60	120	140	0
2619	60	130	140	0
2620	60	140	140	0
2621	60	150	140	0
2622	50	110	140	0
2623	50	120	140	0
2624	50	130	140	0
2625	50	140	140	0
2626	50	150	140	0
2627	40	110	140	0
2628	40	120	140	0
2629	40	130	140	0
2630	40	140	140	0
2631	40	150	140	0
2632	30	110	140	0
2633	30	120	140	0
2634	30	130	140	0
2635	30	140	140	0
2636	30	150	140	0
2637	20	110	140	0
2638	20	120	140	0
2639	20	130	140	0
2640	20	140	140	0
2641	20	150	140	0
2642	9.99999999999999	110	140	0
2643	10	120	140	0
2644	10	130	140	0
2645	9.99999999999999	140	140	0
2646	10	150	140	0
2647	0	110	140	0
2648	0	120	140	0
2649	0	130	140	0
2650	0	140	140	0
2651	0	150	140	0
2652	100	110	130	0
2653	100	120	130	0
2654	100	130	130	0
2655	100	140	130	0
2656	100	150	130	0
2657	89.9999999999999	110	130	0
2658	90.0000000000001	120	130	0
2659	90	130	130	0
2660	89.9999999999999	140	130	0
2661	89.9999999999999	150	130	0
2662	80	110	130	0
2663	80	120	130	0
2664	80	130	130	0
2665	80	140	130	0
2666	80	150	130	0
2667	70	110	130	0
2668	70	120	130	0
2669	70	130	130	0
2670	70	140	130	0
2671	70	150	130	0
2672	60	110	130	0
2673	60	120	130	0
2674	60	130	130	0
2675	60	140	130	0
2676	60	150	130	0
2677	50	110	130	0
2678	50	120	130	0
2679	50	130	130	0
2680	50	140	130	0
2681	50	150	130	0
2682	40	110	130	0
2683	40	120	130	0
2684	40	130	130	0
2685	40	140	130	0
2686	40	150	130	0
2687	30	110	130	0
2688	30	120	130	0
2689	30	130	130	0
2690	30	140	130	0
2691	30	150	130	0
2692	20	110	130	0
2693	20	120	130	0
2694	20	130	130	0
2695	20	140	130	0
2696	20	150	130	0
2697	10	110	130	0
2698	10	120	130	0
2699	10	130	130	0
2700	10	140	130	0
2701	10	150	130	0
2702	0	110	130	0
2703	0	120	130	0
2704	0	130	130	0
2705	0	140	130	0
2706	0	150	130	0
2707	100	110	120	0
2708	100	120	120	0
2709	100	130	120	0
2710	100	140	120	0
2711	100	150	120	0
2712	89.9999999999999	110	120	0
2713	89.9999999999999	120	120	0
2714	90	130	120	0
2715	89.9999999999999	140	120	0
2716	89.9999999999999	150	120	0
2717	80	110	120	0
2718	80	120	120	0
2719	80	130	120	0
2720	80	140	120	0
2721	80	150	120	0
2722	70	110	120	0
2723	70	120	120	0
2724	70	130	120	0
2725	70	140	120	0
2726	70	150	120	0
2727	60	110	120	0
2728	60	120	120	0
2729	60	130	120	0
2730	60	140	120	0
2731	60	150	120	0
2732	50	110	120	0
2733	50	120	120	0
2734	50	130	120	0
2735	50	140	120	0
2736	50	150	120	0
2737	40	110	120	0
2738	40	120	120	0
2739	40	130	120	0
2740	40	140	120	0
2741	40	150	120	0
2742	30	110	120	0
2743	30	120	120	0
2744	30	130	120	0
2745	30	140	120	0
2746	30	150	120	0
2747	20	110	120	0
2748	20	120	120	0
2749	20	130	120	0
2750	20	140	120	0
2751	20	150	120	0
2752	10	110	120	0
2753	10	120	120	0
2754	10	130	120	0
2755	10	140	120	0
2756	10	150	120	0
2757	0	110	120	0
2758	0	120	120	0
2759	0	130	120	0
2760	0	140	120	0
2761	0	150	120	0
2762	100	110	110	0
2763	100	120	110	0
2764	100	130	110	0
2765	100	140	110	0
2766	100	150	110	0
2767	89.9999999999999	110	110	0
2768	89.9999999999999	120	110	0
2769	89.9999999999999	130	110	0
2770	89.9999999999999	140	110	0
2771	89.9999999999999	150	110	0
2772	80	110	110	0
2773	80	120	110	0
2774	80	130	110	0
2775	80	140	110	0
2776	80	150	110	0
2777	69.9999999999999	110	110	0
2778	70	120	110	0
2779	69.9999999999999	130	110	0
2780	69.9999999999999	140	110	0
2781	70	150	110	0
2782	60	110	110	0
2783	60	120	110	0
2784	60	130	110	0
2785	60	140	110	0
2786	60	150	110	0
2787	50	110	110	0
2788	50	120	110	0
2789	50	130	110	0
2790	50	140	110	0
2791	50	150	110	0
2792	40	110	110	0
2793	40	120	110	0
2794	40	130	110	0
2795	40	140	110	0
2796	40	150	110	0
2797	30	110	110	0
2798	30	120	110	0
2799	30	130	110	0
2800	30	140	110	0
2801	30	150	110	0
2802	20	110	110	0
2803	20	120	110	0
2804	20	130	110	0
2805	20	140	110	0
2806	20	150	110	0
2807	9.99999999999999	110	110	0
2808	10	120	110	0
2809	10	130	110	0
2810	9.99999999999999	140	110	0
2811	10	150	110	0
2812	0	110	110	0
2813	0	120	110	0
2814	0	130	110	0
2815	0	140	110	0
2816	0	150	110	0
2817	150	0	50	0
2818	150	10	50	0
2819	150	20	50	0
2820	150	30	50	0
2821	150	40	50	0
2822	150	50	50	0
2823	140	0	50	0
2824	140	10	50	0
2825	140	20	50	0
2826	140	30	50	0
2827	140	40	50	0
2828	140	50	50	0
2829	130	0	50	0
2830	130	10	50	0
2831	130	20	50	0
2832	130	30	50	0
2833	130	40	50	0
2834	130	50	50	0
2835	120	0	50	0
2836	120	10	50	0
2837	120	20	50	0
2838	120	30	50	0
2839	120	40	50	0
2840	120	50	50	0
2841	110	0	50	0
2842	110	10	50	0
2843	110	20	50	0
2844	110	30	50	0
2845	110	40	50	0
2846	110	50	50	0
2847	150	0	40	0
2848	150	10	40	0
2849	150	20	40	0
2850	150	30	40	0
2851	150	40	40	0
2852	150	50	40	0
2853	140	0	40	0
2854	140	10	40	0
2855	140	20	40	0
2856	140	30	40	0
2857	140	40	40	0
2858	140	50	40	0
2859	130	0	40	0
2860	130	10	40	0
2861	130	20	40	0
2862	130	30	40	0
2863	130	40	40	0
2864	130	50	40	0
2865	120	0	40	0
2866	120	10	40	0
2867	120	20	40	0
2868	120	30	40	0
2869	120	40	40	0
2870	120	50	40	0
2871	110	0	40	0
2872	110	10	40	0
2873	110	20	40	0
2874	110	30	40	0
2875	110	40	40	0
2876	110	50	40	0
2877	150	0	30	0
2878	150	10	30	0
2879	150	20	30	0
2880	150	30	30	0
2881	150	40	30	0
2882	150	50	30	0
2883	140	0	30	0
2884	140	10	30	0
2885	140	20	30	0
2886	140	30	30	0
2887	140	40	30	0
2888	140	50	30	0
2889	130	0	30	0
2890	130	10	30	0
2891	130	20	30	0
2892	130	30	30	0
2893	130	40	30	0
2894	130	50	30	0
2895	120	0	30	0
2896	120	10	30	0
2897	120	20	30	0
2898	120	30	30	0
2899	120	40	30	0
2900	120	50	30	0
2901	110	0	30	0
2902	110	10	30	0
2903	110	20	30	0
2904	110	30	30	0
2905	110	40	30	0
2906	110	50	30	0
2907	150	0	20	0
2908	150	10	20	0
2909	150	20	20	0
2910	150	30	20	0
2911	150	40	20	0
2912	150	50	20	0
2913	140	0	20	0
2914	140	10	20	0
2915	140	20	20	0
2916	140	30	20	0
2917	140	40	20	0
2918	140	50	20	0
2919	130	0	20	0
2920	130	10	20	0
2921	130	20	20	0
2922	130	30	20	0
2923	130	40	20	0
2924	130	50	20	0
2925	120	0	20	0
2926	120	10	20	0
2927	120	20	20	0
2928	120	30	20	0
2929	120	40	20	0
2930	120	50	20	0
2931	110	0	20	0
2932	110	10	20	0
2933	110	20	20	0
2934	110	30	20	0
2935	110	40	20	0
2936	110	50	20	0
2937	150	0	10	0
2938	150	10	10	0
2939	150	20	10	0
2940	150	30	10	0
2941	150	40	10	0
2942	150	50	10	0
2943	140	0	10	0
2944	140	10	9.99999999999999	0
2945	140	20	9.99999999999999	0
2946	140	30	10	0
2947	140	40	9.99999999999999	0
2948	140	50	10	0
2949	130	0	10	0
2950	130	10	9.99999999999999	0
2951	130	20	10	0
2952	130	30	10	0
2953	130	40	9.99999999999999	0
2954	130	50	10	0
2955	120	0	10	0
2956	120	10	10	0
2957	120	20	10	0
2958	120	30	10	0
2959	120	40	10	0
2960	120	50	10	0
2961	110	0	10	0
2962	110	10	9.99999999999999	0
2963	110	20	10	0
2964	110	30	10	0
2965	110	40	10	0
2966	110	50	10	0
2967	150	0	0	0
2968	150	10	0	0
2969	150	20	0	0
2970	150	30	0	0
2971	150	40	0	0
2972	150	50	0	0
2973	140	0	0	0
2974	140	10	0	0
2975	140	20	0	0
2976	140	30	0	0
2977	140	40	0	0
2978	140	50	0	0
2979	130	0	0	0
2980	130	10	0	0
2981	130	20	0	0
2982	130	30	0	0
2983	130	40	0	0
2984	130	50	0	0
2985	120	0	0	0
2986	120	10	0	0
2987	120	20	0	0
2988	120	30	0	0
2989	120	40	0	0
2990	120	50	0	0
2991	110	0	0	0
2992	110	10	0	0
2993	110	20	0	0
2994	110	30	0	0
2995	110	40	0	0
2996	110	50	0	0
2997	150	60	50	0
2998	150	70	50	0
2999	150	80	50	0
3000	150	90	50	0
3001	150	100	50	0
3002	140	60	50	0
3003	140	70	50	0
3004	140	80	50	0
3005	140	90	50	0
3006	140	100	50	0
3007	130	60	50	0
3008	130	70	50	0
3009	130	80	50	0
3010	130	90	50	0
3011	130	100	50	0
3012	120	60	50	0
3013	120	70	50	0
3014	120	80	50	0
3015	120	90	50	0
3016	120	100	50	0
3017	110	60	50	0
3018	110	70	50	0
3019	110	80	50	0
3020	110	90	50	0
3021	110	100	50	0
3022	150	60	40	0
3023	150	70	40	0
3024	150	80	40	0
3025	150	90	40	0
3026	150	100	40	0
3027	140	60	40	0
3028	140	70	40	0
3029	140	80	40	0
3030	140	90	40	0
3031	140	100	40	0
3032	130	60	40	0
3033	130	70	40	0
3034	130	80	40	0
3035	130	90	40	0
3036	130	100	40	0
3037	120	60	40	0
3038	120	70	40	0
3039	120	80	40	0
3040	120	90	40	0
3041	120	100	40	0
3042	110	60	40	0
3043	110	70	40	0
3044	110	80	40	0
3045	110	90	40	0
3046	110	100	40	0
3047	150	60	30	0
3048	150	70	30	0
3049	150	80	30	0
3050	150	90	30	0
3051	150	100	30	0
3052	140	60	30	0
3053	140	70	30	0
3054	140	80	30	0
3055	140	90	30	0
3056	140	100	30	0
3057	130	60	30	0
3058	130	70	30	0
3059	130	80	30	0
3060	130	90	30	0
3061	130	100	30	0
3062	120	60	30	0
3063	120	70	30	0
3064	120	80	30	0
3065	120	90	30	0
3066	120	100	30	0
3067	110	60	30	0
3068	110	70	30	0
3069	110	80	30	0
3070	110	90	30	0
3071	110	100	30	0
3072	150	60	20	0
3073	150	70	20	0
3074	150	80	20	0
3075	150	90	20	0
3076	150	100	20	0
3077	140	60	20	0
3078	140	70	20	0
3079	140	80	20	0
3080	140	90	20	0
3081	140	100	20	0
3082	130	60	20	0
3083	130	70	20	0
3084	130	80	20	0
3085	130	90	20	0
3086	130	100	20	0
3087	120	60	20	0
3088	120	70	20	0
3089	120	80	20	0
3090	120	90	20	0
3091	120	100	20	0
3092	110	60	20	0
3093	110	70	20	0
3094	110	80	20	0
3095	110	90	20	0
3096	110	100	20	0
3097	150	60	10	0
3098	150	70	10	0
3099	150	80	10	0
3100	150	90	10	0
3101	150	100	10	0
3102	140	60	9.99999999999999	0
3103	140	70	9.99999999999999	0
3104	140	80	10	0
3105	140	90	9.99999999999999	0
3106	140	100	10	0
3107	130	60	9.99999999999999	0
3108	130	70	10	0
3109	130	80	10	0
3110	130	90	9.99999999999999	0
3111	130	100	10	0
3112	120	60	10	0
3113	120	70	10	0
3114	120	80	10	0
3115	120	90	10	0
3116	120	100	10	0
3117	110	60	9.99999999999999	0
3118	110	70	10	0
3119	110	80	10	0
3120	110	90	10	0
3121	110	100	10	0
3122	150	60	0	0
3123	150	70	0	0
3124	150	80	0	0
3125	150	90	0	0
3126	150	100	0	0
3127	140	60	0	0
3128	140	70	0	0
3129	140	80	0	0
3130	140	90	0	0
3131	140	100	0	0
3132	130	60	0	0
3133	130	70	0	0
3134	130	80	0	0
3135	130	90	0	0
3136	130	100	0	0
3137	120	60	0	0
3138	120	70	0	0
3139	120	80	0	0
3140	120	90	0	0
3141	120	100	0	0
3142	110	60	0	0
3143	110	70	0	0
3144	110	80	0	0
3145	110	90	0	0
3146	110	100	0	0
3147	150	110	50	0
3148	150	120	50	0
3149	150	130	50	0
3150	150	140	50	0
3151	150	150	50	0
3152	140	110	50	0
3153	140	120	50	0
3154	140	130	50	0
3155	140	140	50	0
3156	140	150	50	0
3157	130	110	50	0
3158	130	120	50	0
3159	130	130	50	0
3160	130	140	50	0
3161	130	150	50	0
3162	120	110	50	0
3163	120	120	50	0
3164	120	130	50	0
3165	120	140	50	0
3166	120	150	50	0
3167	110	110	50	0
3168	110	120	50	0
3169	110	130	50	0
3170	110	140	50	0
3171	110	150	50	0
3172	150	110	40	0
3173	150	120	40	0
3174	150	130	40	0
3175	150	140	40	0
3176	150	150	40	0
3177	140	110	40	0
3178	140	120	40	0
3179	140	130	40	0
3180	140	140	40	0
3181	140	150	40	0
3182	130	110	40	0
3183	130	120	40	0
3184	130	130	40	0
3185	130	140	40	0
3186	130	150	40	0
3187	120	110	40	0
3188	120	120	40	0
3189	120	130	40	0
3190	120	140	40	0
3191	120	150	40	0
3192	110	110	40	0
3193	110	120	40	0
3194	110	130	40	0
3195	110	140	40	0
3196	110	150	40	0
3197	150	110	30	0
3198	150	120	30	0
3199	150	130	30	0
3200	150	140	30	0
3201	150	150	30	0
3202	140	110	30	0
3203	140	120	30	0
3204	140	130	30	0
3205	140	140	30	0
3206	140	150	30	0
3207	130	110	30	0
3208	130	120	30	0
3209	130	130	30	0
3210	130	140	30	0
3211	130	150	30	0
3212	120	110	30	0
3213	120	120	30	0
3214	120	130	30	0
3215	120	140	30	0
3216	120	150	30	0
3217	110	110	30	0
3218	110	120	30	0
3219	110	130	30	0
3220	110	140	30	0
3221	110	150	30	0
3222	150	110	20	0
3223	150	120	20	0
3224	150	130	20	0
3225	150	140	20	0
3226	150	150	20	0
3227	140	110	20	0
3228	140	120	20	0
3229	140	130	20	0
3230	140	140	20	0
3231	140	150	20	0
3232	130	110	20	0
3233	130	120	20	0
3234	130	130	20	0
3235	130	140	20	0
3236	130	150	20	0
3237	120	110	20	0
3238	120	120	20	0
3239	120	130	20	0
3240	120	140	20	0
3241	120	150	20	0
3242	110	110	20	0
3243	110	120	20	0
3244	110	130	20	0
3245	110	140	20	0
3246	110	150	20	0
3247	150	110	10	0
3248	150	120	10	0
3249	150	130	10	0
3250	150	140	10	0
3251	150	150	10	0
3252	140	110	9.99999999999999	0
3253	140	120	9.99999999999999	0
3254	140	130	10	0
3255	140	140	9.99999999999999	0
3256	140	150	10	0
3257	130	110	9.99999999999999	0
3258	130	120	10	0
3259	130	130	10	0
3260	130	140	9.99999999999999	0
3261	130	150	10	0
3262	120	110	10	0
3263	120	120	10	0
3264	120	130	10	0
3265	120	140	10	0
3266	120	150	10	0
3267	110	110	9.99999999999999	0
3268	110	120	10	0
3269	110	130	10	0
3270	110	140	10	0
3271	110	150	10	0
3272	150	110	0	0
3273	150	120	0	0
3274	150	130	0	0
3275	150	140	0	0
3276	150	150	0	0
3277	140	110	0	0
3278	140	120	0	0
3279	140	130	0	0
3280	140	140	0	0
3281	140	150	0	0
3282	130	110	0	0
3283	130	120	0	0
3284	130	130	0	0
3285	130	140	0	0
3286	130	150	0	0
3287	120	110	0	0
3288	120	120	0	0
3289	120	130	0	0
3290	120	140	0	0
3291	120	150	0	0
3292	110	110	0	0
3293	110	120	0	0
3294	110	130	0	0
3295	110	140	0	0
3296	110	150	0	0
3297	150	0	100	0
3298	150	10	100	0
3299	150	20	100	0
3300	150	30	100	0
3301	150	40	100	0
3302	150	50	100	0
3303	140	0	100	0
3304	140	10	100	0
3305	140	20	100	0
3306	140	30	100	0
3307	140	40	100	0
3308	140	50	100	0
3309	130	0	100	0
3310	130	10	100	0
3311	130	20	100	0
3312	130	30	100	0
3313	130	40	100	0
3314	130	50	100	0
3315	120	0	100	0
3316	120	10	100	0
3317	120	20	100	0
3318	120	30	100	0
3319	120	40	100	0
3320	120	50	100	0
3321	110	0	100	0
3322	110	10	100	0
3323	110	20	100	0
3324	110	30	100	0
3325	110	40	100	0
3326	110	50	100	0
3327	150	0	90	0
3328	150	10	90	0
3329	150	20	90	0
3330	150	30	90	0
3331	150	40	90	0
3332	150	50	90	0
3333	140	0	90	0
3334	140	10	90	0
3335	140	20	90	0
3336	140	30	90	0
3337	140	40	90	0
3338	140	50	90	0
3339	130	0	90	0
3340	130	10	90	0
3341	130	20	90	0
3342	130	30	90	0
3343	130	40	90	0
3344	130	50	90	0
3345	120	0	90	0
3346	120	10	90	0
3347	120	20	90	0
3348	120	30	90	0
3349	120	40	90	0
3350	120	50	90	0
3351	110	0	90	0
3352	110	10	90	0
3353	110	20	90	0
3354	110	30	90	0
3355	110	40	90	0
3356	110	50	90	0
3357	150	0	80	0
3358	150	10	80	0
3359	150	20	80	0
3360	150	30	80	0
3361	150	40	80	0
3362	150	50	80	0
3363	140	0	80	0
3364	140	10	80	0
3365	140	20	80	0
3366	140	30	80	0
3367	140	40	80	0
3368	140	50	80	0
3369	130	0	80	0
3370	130	10	80	0
3371	130	20	80	0
3372	130	30	80	0
3373	130	40	80	0
3374	130	50	80	0
3375	120	0	80	0
3376	120	10	80	0
3377	120	20	80	0
3378	120	30	80	0
3379	120	40	80	0
3380	120	50	80	0
3381	110	0	80	0
3382	110	10	80	0
3383	110	20	80	0
3384	110	30	80	0
3385	110	40	80	0
3386	110	50	80	0
3387	150	0	70	0
3388	150	10	70	0
3389	150	20	70	0
3390	150	30	70	0
3391	150	40	70	0
3392	150	50	70	0
3393	140	0	70	0
3394	140	10	70	0
3395	140	20	69.9999999999999	0
3396	140	30	70	0
3397	140	40	70	0
3398	140	50	70	0
3399	130	0	70	0
3400	130	10	70	0
3401	130	20	70	0
3402	130	30	70	0
3403	130	40	70	0
3404	130	50	70	0
3405	120	0	70	0
3406	120	10	70	0
3407	120	20	70	0
3408	120	30	70	0
3409	120	40	70	0
3410	120	50	70	0
3411	110	0	70	0
3412	110	10	70	0
3413	110	20	70	0
3414	110	30	70	0
3415	110	40	70	0
3416	110	50	70	0
3417	150	0	60	0
3418	150	10	60	0
3419	150	20	60	0
3420	150	30	60	0
3421	150	40	60	0
3422	150	50	60	0
3423	140	0	60	0
3424	140	10	60	0
3425	140	20	60	0
3426	140	30	60	0
3427	140	40	60	0
3428	140	50	60	0
3429	130	0	60	0
3430	130	10	60	0
3431	130	20	60	0
3432	130	30	60	0
3433	130	40	60	0
3434	130	50	60	0
3435	120	0	60	0
3436	120	10	60	0
3437	120	20	60	0
3438	120	30	60	0
3439	120	40	60	0
3440	120	50	60	0
3441	110	0	60	0
3442	110	10	60	0
3443	110	20	60	0
3444	110	30	60	0
3445	110	40	60	0
3446	110	50	60	0
3447	150	60	100	0
3448	150	70	100	0
3449	150	80	100	0
3450	150	90	100	0
3451	150	100	100	0
3452	140	60	100	0
3453	140	70	100	0
3454	140	80	100	0
3455	140	90	100	0
3456	140	100	100	0
3457	130	60	100	0
3458	130	70	100	0
3459	130	80	100	0
3460	130	90	100	0
3461	130	100	100	0
3462	120	60	100	0
3463	120	70	100	0
3464	120	80	100	0
3465	120	90	100	0
3466	120	100	100	0
3467	110	60	100	0
3468	110	70	100	0
3469	110	80	100	0
3470	110	90	100	0
3471	110	100	100	0
3472	150	60	90	0
3473	150	70	90	0
3474	150	80	90	0
3475	150	90	90	0
3476	150	100	90	0
3477	140	60	90	0
3478	140	70	90	0
3479	140	80	90	0
3480	140	90	90	0
3481	140	100	90	0
3482	130	60	90	0
3483	130	70	90	0
3484	130	80	90	0
3485	130	90	90	0
3486	130	100	90	0
3487	120	60	90	0
3488	120	70	90	0
3489	120	80	90	0
3490	120	90	90	0
3491	120	100	90	0
3492	110	60	90	0
3493	110	70	90	0
3494	110	80	90	0
3495	110	90	90	0
3496	110	100	90	0
3497	150	60	80	0
3498	150	70	80	0
3499	150	80	80	0
3500	150	90	80	0
3501	150	100	80	0
3502	140	60	80	0
3503	140	70	80	0
3504	140	80	80	0
3505	140	90	80	0
3506	140	100	80	0
3507	130	60	80	0
3508	130	70	80	0
3509	130	80	80	0
3510	130	90	80	0
3511	130	100	80	0
3512	120	60	80	0
3513	120	70	80	0
3514	120	80	80	0
3515	120	90	80	0
3516	120	100	80	0
3517	110	60	80	0
3518	110	70	80	0
3519	110	80	80	0
3520	110	90	80	0
3521	110	100	80	0
3522	150	60	70	0
3523	150	70	70	0
3524	150	80	70	0
3525	150	90	70	0
3526	150	100	70	0
3527	140	60	70	0
3528	140	70	69.9999999999999	0
3529	140	80	70	0
3530	140	90	70	0
3531	140	100	70	0
3532	130	60	70	0
3533	130	70	70	0
3534	130	80	70	0
3535	130	90	70	0
3536	130	100	70	0
3537	120	60	70	0
3538	120	70	70	0
3539	120	80	70	0
3540	120	90	70	0
3541	120	100	70	0
3542	110	60	70	0
3543	110	70	70	0
3544	110	80	70	0
3545	110	90	70	0
3546	110	100	70	0
3547	150	60	60	0
3548	150	70	60	0
3549	150	80	60	0
3550	150	90	60	0
3551	150	100	60	0
3552	140	60	60	0
3553	140	70	60	0
3554	140	80	60	0
3555	140	90	60	0
3556	140	100	60	0
3557	130	60	60	0
3558	130	70	60	0
3559	130	80	60	0
3560	130	90	60	0
3561	130	100	60	0
3562	120	60	60	0
3563	120	70	60	0
3564	120	80	60	0
3565	120	90	60	0
3566	120	100	60	0
3567	110	60	60	0
3568	110	70	60	0
3569	110	80	60	0
3570	110	90	60	0
3571	110	100	60	0
3572	150	110	100	0
3573	150	120	100	0
3574	150	130	100	0
3575	150	140	100	0
3576	150	150	100	0
3577	140	110	100	0
3578	140	120	100	0
3579	140	130	100	0
3580	140	140	100	0
3581	140	150	100	0
3582	130	110	100	0
3583	130	120	100	0
3584	130	130	100	0
3585	130	140	100	0
3586	130	150	100	0
3587	120	110	100	0
3588	120	120	100	0
3589	120	130	100	0
3590	120	140	100	0
3591	120	150	100	0
3592	110	110	100	0
3593	110	120	100	0
3594	110	130	100	0
3595	110	140	100	0
3596	110	150	100	0
3597	150	110	90	0
3598	150	120	90	0
3599	150	130	90	0
3600	150	140	90	0
3601	150	150	90	0
3602	140	110	90	0
3603	140	120	90	0
3604	140	130	90	0
3605	140	140	90	0
3606	140	150	90	0
3607	130	110	90	0
3608	130	120	90	0
3609	130	130	90	0
3610	130	140	90	0
3611	130	150	90	0
3612	120	110	90	0
3613	120	120	90	0
3614	120	130	90	0
3615	120	140	90	0
3616	120	150	90	0
3617	110	110	90	0
3618	110	120	90	0
3619	110	130	90	0
3620	110	140	90	0
3621	110	150	90	0
3622	150	110	80	0
3623	150	120	80	0
3624	150	130	80	0
3625	150	140	80	0
3626	150	150	80	0
3627	140	110	80	0
3628	140	120	80	0
3629	140	130	80	0
3630	140	140	80	0
3631	140	150	80	0
3632	130	110	80	0
3633	130	120	80	0
3634	130	130	80	0
3635	130	140	80	0
3636	130	150	80	0
3637	120	110	80	0
3638	120	120	80	0
3639	120	130	80	0
3640	120	140	80	0
3641	120	150	80	0
3642	110	110	80	0
3643	110	120	80	0
3644	110	130	80	0
3645	110	140	80	0
3646	110	150	80	0
3647	150	110	70	0
3648	150	120	70	0
3649	150	130	70	0
3650	150	140	70	0
3651	150	150	70	0
3652	140	110	70	0
3653	140	120	69.9999999999999	0
3654	140	130	70	0
3655	140	140	70	0
3656	140	150	70	0
3657	130	110	70	0
3658	130	120	70	0
3659	130	130	70	0
3660	130	140	70	0
3661	130	150	70	0
3662	120	110	70	0
3663	120	120	70	0
3664	120	130	70	0
3665	120	140	70	0
3666	120	150	70	0
3667	110	110	70	0
3668	110	120	70	0
3669	110	130	70	0
3670	110	140	70	0
3671	110	150	70	0
3672	150	110	60	0
3673	150	120	60	0
3674	150	130	60	0
3675	150	140	60	0
3676	150	150	60	0
3677	140	110	60	0
3678	140	120	60	0
3679	140	130	60	0
3680	140	140	60	0
3681	140	150	60	0
3682	130	110	60	0
3683	130	120	60	0
3684	130	130	60	0
3685	130	140	60	0
3686	130	150	60	0
3687	120	110	60	0
3688	120	120	60	0
3689	120	130	60	0
3690	120	140	60	0
3691	120	150	60	0
3692	110	110	60	0
3693	110	120	60	0
3694	110	130	60	0
3695	110	140	60	0
3696	110	150	60	0
3697	150	0	150	0
3698	150	10	150	0
3699	150	20	150	0
3700	150	30	150	0
3701	150	40	150	0
3702	150	50	150	0
3703	140	0	150	0
3704	140	10	150	0
3705	140	20	150	0
3706	140	30	150	0
3707	140	40	150	0
3708	140	50	150	0
3709	130	0	150	0
3710	130	10	150	0
3711	130	20	150	0
3712	130	30	150	0
3713	130	40	150	0
3714	130	50	150	0
3715	120	0	150	0
3716	120	10	150	0
3717	120	20	150	0
3718	120	30	150	0
3719	120	40	150	0
3720	120	50	150	0
3721	110	0	150	0
3722	110	10	150	0
3723	110	20	150	0
3724	110	30	150	0
3725	110	40	150	0
3726	110	50	150	0
3727	150	0	140	0
3728	150	10	140	0
3729	150	20	140	0
3730	150	30	140	0
3731	150	40	140	0
3732	150	50	140	0
3733	140	0	140	0
3734	140	10	140	0
3735	140	20	140	0
3736	140	30	140	0
3737	140	40	140	0
3738	140	50	140	0
3739	130	0	140	0
3740	130	10	140	0
3741	130	20	140	0
3742	130	30	140	0
3743	130	40	140	0
3744	130	50	140	0
3745	120	0	140	0
3746	120	10	140	0
3747	120	20	140	0
3748	120	30	140	0
3749	120	40	140	0
3750	120	50	140	0
3751	110	0	140	0
3752	110	10	140	0
3753	110	20	140	0
3754	110	30	140	0
3755	110	40	140	0
3756	110	50	140	0
3757	150	0	130	0
3758	150	10	130	0
3759	150	20	130	0
3760	150	30	130	0
3761	150	40	130	0
3762	150	50	130	0
3763	140	0	130	0
3764	140	10	130	0
3765	140	20	130	0
3766	140	30	130	0
3767	140	40	130	0
3768	140	50	130	0
3769	130	0	130	0
3770	130	10	130	0
3771	130	20	130	0
3772	130	30	130	0
3773	130	40	130	0
3774	130	50	130	0
3775	120	0	130	0
3776	120	10	130	0
3777	120	20	130	0
3778	120	30	130	0
3779	120	40	130	0
3780	120	50	130	0
3781	110	0	130	0
3782	110	10	130	0
3783	110	20	130	0
3784	110	30	130	0
3785	110	40	130	0
3786	110	50	130	0
3787	150	0	120	0
3788	150	10	120	0
3789	150	20	120	0
3790	150	30	120	0
3791	150	40	120	0
3792	150	50	120	0
3793	140	0	120	0
3794	140	10	120	0
3795	140	20	120	0
3796	140	30	120	0
3797	140	40	120	0
3798	140	50	120	0
3799	130	0	120	0
3800	130	10	120	0
3801	130	20	120	0
3802	130	30	120	0
3803	130	40	120	0
3804	130	50	120	0
3805	120	0	120	0
3806	120	10	120	0
3807	120	20	120	0
3808	120	30	120	0
3809	120	40	120	0
3810	120	50	120	0
3811	110	0	120	0
3812	110	10	120	0
3813	110	20	120	0
3814	110	30	120	0
3815	110	40	120	0
3816	110	50	120	0
3817	150	0	110	0
3818	150	10	110	0
3819	150	20	110	0
3820	150	30	110	0
3821	150	40	110	0
3822	150	50	110	0
3823	140	0	110	0
3824	140	10	110	0
3825	140	20	110	0
3826	140	30	110	0
3827	140	40	110	0
3828	140	50	110	0
3829	130	0	110	0
3830	130	10	110	0
3831	130	20	110	0
3832	130	30	110	0
3833	130	40	110	0
3834	130	50	110	0
3835	120	0	110	0
3836	120	10	110	0
3837	120	20	110	0
3838	120	30	110	0
3839	120	40	110	0
3840	120	50	110	0
3841	110	0	110	0
3842	110	10	110	0
3843	110	20	110	0
3844	110	30	110	0
3845	110	40	110	0
3846	110	50	110	0
3847	150	60	150	0
3848	150	70	150	0
3849	150	80	150	0
3850	150	90	150	0
3851	150	100	150	0
3852	140	60	150	0
3853	140	70	150	0
3854	140	80	150	0
3855	140	90	150	0
3856	140	100	150	0
3857	130	60	150	0
3858	130	70	150	0
3859	130	80	150	0
3860	130	90	150	0
3861	130	100	150	0
3862	120	60	150	0
3863	120	70	150	0
3864	120	80	150	0
3865	120	90	150	0
3866	120	100	150	0
3867	110	60	150	0
3868	110	70	150	0
3869	110	80	150	0
3870	110	90	150	0
3871	110	100	150	0
3872	150	60	140	0
3873	150	70	140	0
3874	150	80	140	0
3875	150	90	140	0
3876	150	100	140	0
3877	140	60	140	0
3878	140	70	140	0
3879	140	80	140	0
3880	140	90	140	0
3881	140	100	140	0
3882	130	60	140	0
3883	130	70	140	0
3884	130	80	140	0
3885	130	90	140	0
3886	130	100	140	0
3887	120	60	140	0
3888	120	70	140	0
3889	120	80	140	0
3890	120	90	140	0
3891	120	100	140	0
3892	110	60	140	0
3893	110	70	140	0
3894	110	80	140	0
3895	110	90	140	0
3896	110	100	140	0
3897	150	60	130	0
3898	150	70	130	0
3899	150	80	130	0
3900	150	90	130	0
3901	150	100	130	0
3902	140	60	130	0
3903	140	70	130	0
3904	140	80	130	0
3905	140	90	130	0
3906	140	100	130	0
3907	130	60	130	0
3908	130	70	130	0
3909	130	80	130	0
3910	130	90	130	0
3911	130	100	130	0
3912	120	60	130	0
3913	120	70	130	0
3914	120	80	130	0
3915	120	90	130	0
3916	120	100	130	0
3917	110	60	130	0
3918	110	70	130	0
3919	110	80	130	0
3920	110	90	130	0
3921	110	100	130	0
3922	150	60	120	0
3923	150	70	120	0
3924	150	80	120	0
3925	150	90	120	0
3926	150	100	120	0
3927	140	60	120	0
3928	140	70	120	0
3929	140	80	120	0
3930	140	90	120	0
3931	140	100	120	0
3932	130	60	120	0
3933	130	70	120	0
3934	130	80	120	0
3935	130	90	120	0
3936	130	100	120	0
3937	120	60	120	0
3938	120	70	120	0
3939	120	80	120	0
3940	120	90	120	0
3941	120	100	120	0
3942	110	60	120	0
3943	110	70	120	0
3944	110	80	120	0
3945	110	90	120	0
3946	110	100	120	0
3947	150	60	110	0
3948	150	70	110	0
3949	150	80	110	0
3950	150	90	110	0
3951	150	100	110	0
3952	140	60	110	0
3953	140	70	110	0
3954	140	80	110	0
3955	140	90	110	0
3956	140	100	110	0
3957	130	60	110	0
3958	130	70	110	0
3959	130	80	110	0
3960	130	90	110	0
3961	130	100	110	0
3962	120	60	110	0
3963	120	70	110	0
3964	120	80	110	0
3965	120	90	110	0
3966	120	100	110	0
3967	110	60	110	0
3968	110	70	110	0
3969	110	80	110	0
3970	110	90	110	0
3971	110	100	110	0
3972	150	110	150	0
3973	150	120	150	0
3974	150	130	150	0
3975	150	140	150	0
3976	150	150	150	0
3977	140	110	150	0
3978	140	120	150	0
3979	140	130	150	0
3980	140	140	150	0
3981	140	150	150	0
3982	130	110	150	0
3983	130	120	150	0
3984	130	130	150	0
3985	130	140	150	0
3986	130	150	150	0
3987	120	110	150	0
3988	120	120	150	0
3989	120	130	150	0
3990	120	140	150	0
3991	120	150	150	0
3992	110	110	150	0
3993	110	120	150	0
3994	110	130	150	0
3995	110	140	150	0
3996	110	150	150	0
3997	150	110	140	0
3998	150	120	140	0
3999	150	130	140	0
4000	150	140	140	0
4001	150	150	140	0
4002	140	110	140	0
4003	140	120	140	0
4004	140	130	140	0
4005	140	140	140	0
4006	140	150	140	0
4007	130	110	140	0
4008	130	120	140	0
4009	130	130	140	0
4010	130	140	140	0
4011	130	150	140	0
4012	120	110	140	0
4013	120	120	140	0
4014	120	130	140	0
4015	120	140	140	0
4016	120	150	140	0
4017	110	110	140	0
4018	110	120	140	0
4019	110	130	140	0
4020	110	140	140	0
4021	110	150	140	0
4022	150	110	130	0
4023	150	120	130	0
4024	150	130	130	0
4025	150	140	130	0
4026	150	150	130	0
4027	140	110	130	0
4028	140	120	130	0
4029	140	130	130	0
4030	140	140	130	0
4031	140	150	130	0
4032	130	110	130	0
4033	130	120	130	0
4034	130	130	130	0
4035	130	140	130	0
4036	130	150	130	0
4037	120	110	130	0
4038	120	120	130	0
4039	120	130	130	0
4040	120	140	130	0
4041	120	150	130	0
4042	110	110	130	0
4043	110	120	130	0
4044	110	130	130	0
4045	110	140	130	0
4046	110	150	130	0
4047	150	110	120	0
4048	150	120	120	0
4049	150	130	120	0
4050	150	140	120	0
4051	150	150	120	0
4052	140	110	120	0
4053	140	120	120	0
4054	140	130	120	0
4055	140	140	120	0
4056	140	150	120	0
4057	130	110	120	0
4058	130	120	120	0
4059	130	130	120	0
4060	130	140	120	0
4061	130	150	120	0
4062	120	110	120	0
4063	120	120	120	0
4064	120	130	120	0
4065	120	140	120	0
4066	120	150	120	0
4067	110	110	120	0
4068	110	120	120	0
4069	110	130	120	0
4070	110	140	120	0
4071	110	150	120	0
4072	150	110	110	0
4073	150	120	110	0
4074	150	130	110	0
4075	150	140	110	0
4076	150	150	110	0
4077	140	110	110	0
4078	140	120	110	0
4079	140	130	110	0
4080	140	140	110	0
4081	140	150	110	0
4082	130	110	110	0
4083	130	120	110	0
4084	130	130	110	0
4085	130	140	110	0
4086	130	150	110	0
4087	120	110	110	0
4088	120	120	110	0
4089	120	130	110	0
4090	120	140	110	0
4091	120	150	110	0
4092	110	110	110	0
4093	110	120	110	0
4094	110	130	110	0
4095	110	140	110	0
4096	110	150	110	0
