1	0	0	20	0
2	2	0	20	0
3	4	0	20	0
4	6	0	20	0
5	8	0	20	0
6	10	0	20	0
7	12	0	20	0
8	14	0	20	0
9	16	0	20	0
10	18	0	20	0
11	20	0	20	0
12	0	10	20	0
13	2	10	20	0
14	4	10	20	0
15	6	10	20	0
16	8	10	20	0
17	10	10	20	0
18	12	10	20	0
19	14	10	20	0
20	16	10	20	0
21	18	10	20	0
22	20	10	20	0
23	0	20	20	0
24	2	20	20	0
25	4	20	20	0
26	6	20	20	0
27	8	20	20	0
28	10	20	20	0
29	12	20	20	0
30	14	20	20	0
31	16	20	20	0
32	18	20	20	0
33	20	20	20	0
34	0	0	10	0
35	2	0	10	0
36	4	0	10	0
37	6	0	10	0
38	8	0	10	0
39	10	0	10	0
40	12	0	10	0
41	14	0	10	0
42	16	0	10	0
43	18	0	10	0
44	20	0	10	0
45	0	10	10	0
46	2	10	10	0
47	4.00000000000001	10	10	0
48	6.00000000000001	10	10	0
49	8.00000000000001	10	10	0
50	10	10	10	0
51	12	10	10	0
52	14	10	10	0
53	16	10	10	0
54	18	10	10	0
55	20	10	10	0
56	0	20	10	0
57	2	20	10	0
58	4	20	10	0
59	6	20	10	0
60	8	20	10	0
61	10	20	10	0
62	12	20	10	0
63	14	20	10	0
64	16	20	10	0
65	18	20	10	0
66	20	20	10	0
67	0	0	0	0
68	2	0	0	0
69	4	0	0	0
70	6	0	0	0
71	8	0	0	0
72	10	0	0	0
73	12	0	0	0
74	14	0	0	0
75	16	0	0	0
76	18	0	0	0
77	20	0	0	0
78	0	10	0	0
79	2	10	0	0
80	4	10	0	0
81	6	10	0	0
82	8	10	0	0
83	10	10	0	0
84	12	10	0	0
85	14	10	0	0
86	16	10	0	0
87	18	10	0	0
88	20	10	0	0
89	0	20	0	0
90	2	20	0	0
91	4	20	0	0
92	6	20	0	0
93	8	20	0	0
94	10	20	0	0
95	12	20	0	0
96	14	20	0	0
97	16	20	0	0
98	18	20	0	0
99	20	20	0	0
100	30	0	20	0
101	40	0	20	0
102	30	10	20	0
103	40	10	20	0
104	30	20	20	0
105	40	20	20	0
106	30	0	10	0
107	40	0	10	0
108	30	10	10	0
109	40	10	10	0
110	30	20	10	0
111	40	20	10	0
112	30	0	0	0
113	40	0	0	0
114	30	10	0	0
115	40	10	0	0
116	30	20	0	0
117	40	20	0	0
118	0	22	20	0
119	2	22	20	0
120	4	22	20	0
121	6	22	20	0
122	8	22	20	0
123	10	22	20	0
124	12	22	20	0
125	14	22	20	0
126	16	22	20	0
127	18	22	20	0
128	20	22	20	0
129	0	24	20	0
130	2	24	20	0
131	4	24	20	0
132	6	24	20	0
133	8	24	20	0
134	10	24	20	0
135	12	24	20	0
136	14	24	20	0
137	16	24	20	0
138	18	24	20	0
139	20	24	20	0
140	0	26	20	0
141	2	26	20	0
142	4	26	20	0
143	6	26	20	0
144	8	26	20	0
145	10	26	20	0
146	12	26	20	0
147	14	26	20	0
148	16	26	20	0
149	18	26	20	0
150	20	26	20	0
151	0	28	20	0
152	2	28	20	0
153	4	28	20	0
154	6	28	20	0
155	8	28	20	0
156	10	28	20	0
157	12	28	20	0
158	14	28	20	0
159	16	28	20	0
160	18	28	20	0
161	20	28	20	0
162	0	30	20	0
163	2	30	20	0
164	4	30	20	0
165	6	30	20	0
166	8	30	20	0
167	10	30	20	0
168	12	30	20	0
169	14	30	20	0
170	16	30	20	0
171	18	30	20	0
172	20	30	20	0
173	0	32	20	0
174	2	32	20	0
175	4	32	20	0
176	6	32	20	0
177	8	32	20	0
178	10	32	20	0
179	12	32	20	0
180	14	32	20	0
181	16	32	20	0
182	18	32	20	0
183	20	32	20	0
184	0	34	20	0
185	2	34	20	0
186	4	34	20	0
187	6	34	20	0
188	8	34	20	0
189	10	34	20	0
190	12	34	20	0
191	14	34	20	0
192	16	34	20	0
193	18	34	20	0
194	20	34	20	0
195	0	36	20	0
196	2	36	20	0
197	4	36	20	0
198	6	36	20	0
199	8	36	20	0
200	10	36	20	0
201	12	36	20	0
202	14	36	20	0
203	16	36	20	0
204	18	36	20	0
205	20	36	20	0
206	0	38	20	0
207	2	38	20	0
208	4	38	20	0
209	6	38	20	0
210	8	38	20	0
211	10	38	20	0
212	12	38	20	0
213	14	38	20	0
214	16	38	20	0
215	18	38	20	0
216	20	38	20	0
217	0	40	20	0
218	2	40	20	0
219	4	40	20	0
220	6	40	20	0
221	8	40	20	0
222	10	40	20	0
223	12	40	20	0
224	14	40	20	0
225	16	40	20	0
226	18	40	20	0
227	20	40	20	0
228	0	22	10	0
229	2	22	10	0
230	4	22	10	0
231	6	22	10	0
232	8	22	10	0
233	10	22	10	0
234	12	22	10	0
235	14	22	10	0
236	16	22	10	0
237	18	22	10	0
238	20	22	10	0
239	0	24	10	0
240	2	24	10	0
241	4	24	10	0
242	6	24	10	0
243	8	24	10	0
244	10	24	10	0
245	12	24	10	0
246	14	24	10	0
247	16	24	10	0
248	18	24	10	0
249	20	24	10	0
250	0	26	10	0
251	2	26	10	0
252	4	26	10	0
253	6.00000000000001	26	10	0
254	8	26	10	0
255	10	26	10	0
256	12	26	10	0
257	14	26	10	0
258	16	26	10	0
259	18	26	10	0
260	20	26	10	0
261	0	28	10	0
262	2	28	10	0
263	4	28	10	0
264	6	28	10	0
265	8	28	10	0
266	10	28	10	0
267	12	28	10	0
268	14	28	10	0
269	16	28	10	0
270	18	28	10	0
271	20	28	10	0
272	0	30	10	0
273	2	30	10	0
274	4.00000000000001	30	10	0
275	6.00000000000001	30	10	0
276	8.00000000000001	30	10	0
277	10	30	10	0
278	12	30	10	0
279	14	30	10	0
280	16	30	10	0
281	18	30	10	0
282	20	30	10	0
283	0	32	10	0
284	2	32	10	0
285	4.00000000000001	32	10	0
286	6	32	10	0
287	8.00000000000001	32	10	0
288	10	32	10	0
289	12	32	10	0
290	14	32	10	0
291	16	32	10	0
292	18	32	10	0
293	20	32	10	0
294	0	34	10	0
295	2	34	10	0
296	4	34	10	0
297	6	34	10	0
298	8	34	10	0
299	10	34	10	0
300	12	34	10	0
301	14	34	10	0
302	16	34	10	0
303	18	34	10	0
304	20	34	10	0
305	0	36	10	0
306	2	36	10	0
307	4	36	10	0
308	6	36	10	0
309	8	36	10	0
310	10	36	10	0
311	12	36	10	0
312	14	36	10	0
313	16	36	10	0
314	18	36	10	0
315	20	36	10	0
316	0	38	10	0
317	2	38	10	0
318	4	38	10	0
319	6.00000000000001	38	10	0
320	8	38	10	0
321	10	38	10	0
322	12	38	10	0
323	14	38	10	0
324	16	38	10	0
325	18	38	10	0
326	20	38	10	0
327	0	40	10	0
328	2	40	10	0
329	4	40	10	0
330	6	40	10	0
331	8	40	10	0
332	10	40	10	0
333	12	40	10	0
334	14	40	10	0
335	16	40	10	0
336	18	40	10	0
337	20	40	10	0
338	0	22	0	0
339	2	22	0	0
340	4	22	0	0
341	6	22	0	0
342	8	22	0	0
343	10	22	0	0
344	12	22	0	0
345	14	22	0	0
346	16	22	0	0
347	18	22	0	0
348	20	22	0	0
349	0	24	0	0
350	2	24	0	0
351	4	24	0	0
352	6	24	0	0
353	8	24	0	0
354	10	24	0	0
355	12	24	0	0
356	14	24	0	0
357	16	24	0	0
358	18	24	0	0
359	20	24	0	0
360	0	26	0	0
361	2	26	0	0
362	4	26	0	0
363	6	26	0	0
364	8	26	0	0
365	10	26	0	0
366	12	26	0	0
367	14	26	0	0
368	16	26	0	0
369	18	26	0	0
370	20	26	0	0
371	0	28	0	0
372	2	28	0	0
373	4	28	0	0
374	6	28	0	0
375	8	28	0	0
376	10	28	0	0
377	12	28	0	0
378	14	28	0	0
379	16	28	0	0
380	18	28	0	0
381	20	28	0	0
382	0	30	0	0
383	2	30	0	0
384	4	30	0	0
385	6	30	0	0
386	8	30	0	0
387	10	30	0	0
388	12	30	0	0
389	14	30	0	0
390	16	30	0	0
391	18	30	0	0
392	20	30	0	0
393	0	32	0	0
394	2	32	0	0
395	4	32	0	0
396	6	32	0	0
397	8	32	0	0
398	10	32	0	0
399	12	32	0	0
400	14	32	0	0
401	16	32	0	0
402	18	32	0	0
403	20	32	0	0
404	0	34	0	0
405	2	34	0	0
406	4	34	0	0
407	6	34	0	0
408	8	34	0	0
409	10	34	0	0
410	12	34	0	0
411	14	34	0	0
412	16	34	0	0
413	18	34	0	0
414	20	34	0	0
415	0	36	0	0
416	2	36	0	0
417	4	36	0	0
418	6	36	0	0
419	8	36	0	0
420	10	36	0	0
421	12	36	0	0
422	14	36	0	0
423	16	36	0	0
424	18	36	0	0
425	20	36	0	0
426	0	38	0	0
427	2	38	0	0
428	4	38	0	0
429	6	38	0	0
430	8	38	0	0
431	10	38	0	0
432	12	38	0	0
433	14	38	0	0
434	16	38	0	0
435	18	38	0	0
436	20	38	0	0
437	0	40	0	0
438	2	40	0	0
439	4	40	0	0
440	6	40	0	0
441	8	40	0	0
442	10	40	0	0
443	12	40	0	0
444	14	40	0	0
445	16	40	0	0
446	18	40	0	0
447	20	40	0	0
448	30	22	20	0
449	40	22	20	0
450	30	24	20	0
451	40	24	20	0
452	30	26	20	0
453	40	26	20	0
454	30	28	20	0
455	40	28	20	0
456	30	30	20	0
457	40	30	20	0
458	30	32	20	0
459	40	32	20	0
460	30	34	20	0
461	40	34	20	0
462	30	36	20	0
463	40	36	20	0
464	30	38	20	0
465	40	38	20	0
466	30	40	20	0
467	40	40	20	0
468	30	22	10	0
469	40	22	10	0
470	30	24	10	0
471	40	24	10	0
472	30	26	10	0
473	40	26	10	0
474	30	28	10	0
475	40	28	10	0
476	30	30	10	0
477	40	30	10	0
478	30	32	10	0
479	40	32	10	0
480	30	34	10	0
481	40	34	10	0
482	30	36	10	0
483	40	36	10	0
484	30	38	10	0
485	40	38	10	0
486	30	40	10	0
487	40	40	10	0
488	30	22	0	0
489	40	22	0	0
490	30	24	0	0
491	40	24	0	0
492	30	26	0	0
493	40	26	0	0
494	30	28	0	0
495	40	28	0	0
496	30	30	0	0
497	40	30	0	0
498	30	32	0	0
499	40	32	0	0
500	30	34	0	0
501	40	34	0	0
502	30	36	0	0
503	40	36	0	0
504	30	38	0	0
505	40	38	0	0
506	30	40	0	0
507	40	40	0	0
508	0	50	20	0
509	2	50	20	0
510	4	50	20	0
511	6	50	20	0
512	8	50	20	0
513	10	50	20	0
514	12	50	20	0
515	14	50	20	0
516	16	50	20	0
517	18	50	20	0
518	20	50	20	0
519	0	60	20	0
520	2	60	20	0
521	4	60	20	0
522	6	60	20	0
523	8	60	20	0
524	10	60	20	0
525	12	60	20	0
526	14	60	20	0
527	16	60	20	0
528	18	60	20	0
529	20	60	20	0
530	0	50	10	0
531	2	50	10	0
532	4.00000000000001	50	10	0
533	6.00000000000001	50	10	0
534	8.00000000000001	50	10	0
535	10	50	10	0
536	12	50	10	0
537	14	50	10	0
538	16	50	10	0
539	18	50	10	0
540	20	50	10	0
541	0	60	10	0
542	2	60	10	0
543	4	60	10	0
544	6	60	10	0
545	8	60	10	0
546	10	60	10	0
547	12	60	10	0
548	14	60	10	0
549	16	60	10	0
550	18	60	10	0
551	20	60	10	0
552	0	50	0	0
553	2	50	0	0
554	4	50	0	0
555	6	50	0	0
556	8	50	0	0
557	10	50	0	0
558	12	50	0	0
559	14	50	0	0
560	16	50	0	0
561	18	50	0	0
562	20	50	0	0
563	0	60	0	0
564	2	60	0	0
565	4	60	0	0
566	6	60	0	0
567	8	60	0	0
568	10	60	0	0
569	12	60	0	0
570	14	60	0	0
571	16	60	0	0
572	18	60	0	0
573	20	60	0	0
574	30	50	20	0
575	40	50	20	0
576	30	60	20	0
577	40	60	20	0
578	30	50	10	0
579	40	50	10	0
580	30	60	10	0
581	40	60	10	0
582	30	50	0	0
583	40	50	0	0
584	30	60	0	0
585	40	60	0	0
586	0	0	50	0
587	2	0	50	0
588	4	0	50	0
589	6	0	50	0
590	8	0	50	0
591	10	0	50	0
592	12	0	50	0
593	14	0	50	0
594	16	0	50	0
595	18	0	50	0
596	20	0	50	0
597	0	10	50	0
598	2	10	50	0
599	4	10	50	0
600	6	10	50	0
601	8	10	50	0
602	10	10	50	0
603	12	10	50	0
604	14	10	50	0
605	16	10	50	0
606	18	10	50	0
607	20	10	50	0
608	0	20	50	0
609	2	20	50	0
610	4	20	50	0
611	6	20	50	0
612	8	20	50	0
613	10	20	50	0
614	12	20	50	0
615	14	20	50	0
616	16	20	50	0
617	18	20	50	0
618	20	20	50	0
619	0	0	48	0
620	2	0	48	0
621	4	0	48	0
622	6	0	48	0
623	8	0	48	0
624	9.99999999999999	0	48	0
625	12	0	48.0000000000001	0
626	14	0	48	0
627	16	0	48	0
628	18	0	48	0
629	20	0	48	0
630	0	9.99999999999999	48	0
631	2	9.99999999999999	48	0
632	4	9.99999999999999	48	0
633	6.00000000000001	10	47.9999999999999	0
634	8.00000000000001	9.99999999999999	48	0
635	9.99999999999999	9.99999999999999	48	0
636	12	9.99999999999999	48	0
637	14	9.99999999999999	48	0
638	16	9.99999999999999	48	0
639	18	9.99999999999999	48	0
640	20	9.99999999999999	48	0
641	0	20	48	0
642	2	20	48	0
643	4	20	48	0
644	6	20	48	0
645	8	20	48	0
646	9.99999999999999	20	48	0
647	12	20	48.0000000000001	0
648	14	20	48	0
649	16	20	48.0000000000001	0
650	18	20	48	0
651	20	20	48	0
652	0	0	46	0
653	2	0	46	0
654	4	0	45.9999999999999	0
655	6	0	46	0
656	8	0	46	0
657	10	0	46	0
658	12	0	46	0
659	14	0	46	0
660	16	0	46	0
661	18	0	46	0
662	20	0	46	0
663	0	10	46	0
664	2	10	45.9999999999999	0
665	4	10	46	0
666	6	10	46	0
667	8.00000000000001	10	46.0000000000001	0
668	10	10	46	0
669	12	10	46	0
670	14	10	46	0
671	16	10	46	0
672	18	10	46	0
673	20	10	46	0
674	0	20	46	0
675	2	20	46	0
676	4	20	45.9999999999999	0
677	6	20	46	0
678	8	20	46	0
679	10	20	46	0
680	12	20	46	0
681	14	20	46	0
682	16	20	46	0
683	18	20	46	0
684	20	20	46	0
685	0	0	44	0
686	2	0	44	0
687	4	0	44	0
688	6	0	44	0
689	8	0	44	0
690	10	0	44	0
691	12	0	44	0
692	14	0	44	0
693	16	0	44	0
694	18	0	44	0
695	20	0	44	0
696	0	10	44	0
697	2	10	44	0
698	4	10	44	0
699	6	10	44.0000000000001	0
700	8.00000000000001	10	44	0
701	10	10	44	0
702	12	10	44	0
703	14	10	44	0
704	16	10	44	0
705	18	10	44	0
706	20	10	44	0
707	0	20	44	0
708	2	20	44	0
709	4	20	44	0
710	6	20	44	0
711	8	20	44	0
712	10	20	44	0
713	12	20	44	0
714	14	20	44	0
715	16	20	44	0
716	18	20	44	0
717	20	20	44	0
718	0	0	42	0
719	2	0	42	0
720	4	0	42	0
721	6	0	42	0
722	8	0	42	0
723	9.99999999999999	0	42	0
724	12	0	42	0
725	14	0	42	0
726	16	0	42	0
727	18	0	42	0
728	20	0	42	0
729	0	9.99999999999999	42	0
730	2	10	42	0
731	4	10	42	0
732	6.00000000000001	10	42	0
733	8.00000000000001	10	42	0
734	10	10	42	0
735	12	10	42	0
736	14	10	42	0
737	16	10	42	0
738	18	10	42	0
739	20	9.99999999999999	42	0
740	0	20	42	0
741	2	20	42	0
742	4	20	42	0
743	6	20	42	0
744	8	20	42	0
745	9.99999999999999	20	42	0
746	12	20	42	0
747	14	20	42	0
748	16	20	42	0
749	18	20	42	0
750	20	20	42	0
751	0	0	40	0
752	2	0	40	0
753	4	0	40	0
754	6	0	40	0
755	8	0	40	0
756	10	0	40	0
757	12	0	40	0
758	14	0	40	0
759	16	0	40	0
760	18	0	40	0
761	20	0	40	0
762	0	10	40	0
763	2	10	40	0
764	4.00000000000001	10	40	0
765	6.00000000000001	10	40	0
766	8.00000000000002	10	40	0
767	10	10	40	0
768	12	10	40	0
769	14	10	40	0
770	16	10	40	0
771	18	10	40	0
772	20	10	40	0
773	0	20	40	0
774	2	20	40	0
775	4	20	40	0
776	6	20	40	0
777	8	20	40	0
778	10	20	40	0
779	12	20	40	0
780	14	20	40	0
781	16	20	40	0
782	18	20	40	0
783	20	20	40	0
784	0	0	38	0
785	2	0	38	0
786	4	0	38	0
787	6	0	38	0
788	8	0	38	0
789	10	0	38	0
790	12	0	38	0
791	14	0	38	0
792	16	0	38	0
793	18	0	38	0
794	20	0	38	0
795	0	10	38	0
796	2	10	38	0
797	4	10	38	0
798	6	10	38	0
799	8.00000000000001	10	38	0
800	10	10	38	0
801	12	10	38	0
802	14	10	38	0
803	16	10	38	0
804	18	10	38	0
805	20	10	38	0
806	0	20	38	0
807	2	20	38	0
808	4	20	38	0
809	6	20	38	0
810	8	20	38	0
811	10	20	38	0
812	12	20	38	0
813	14	20	38	0
814	16	20	38	0
815	18	20	38	0
816	20	20	38	0
817	0	0	36	0
818	2	0	36	0
819	4	0	36	0
820	6	0	36	0
821	8	0	36	0
822	9.99999999999999	0	36	0
823	12	0	36	0
824	14	0	36	0
825	16	0	36	0
826	18	0	36	0
827	20	0	36	0
828	0	9.99999999999999	36	0
829	2	9.99999999999999	36	0
830	4	9.99999999999999	36	0
831	6	10	36	0
832	8.00000000000001	10	36	0
833	9.99999999999999	9.99999999999999	36	0
834	12	9.99999999999999	36	0
835	14	9.99999999999999	36	0
836	16	9.99999999999999	36	0
837	18	9.99999999999999	36	0
838	20	9.99999999999999	36	0
839	0	20	36	0
840	2	20	36	0
841	4	20	36	0
842	6	20	36	0
843	8	20	36	0
844	9.99999999999999	20	36	0
845	12	20	36	0
846	14	20	36	0
847	16	20	36	0
848	18	20	36	0
849	20	20	36	0
850	0	0	34	0
851	2	0	34	0
852	4	0	34	0
853	6	0	34	0
854	8	0	34	0
855	10	0	34	0
856	12	0	34	0
857	14	0	34	0
858	16	0	34	0
859	18	0	34	0
860	20	0	34	0
861	0	10	34	0
862	2	10	34	0
863	4	10	34	0
864	6.00000000000001	10	34	0
865	8.00000000000001	10	34	0
866	10	10	34	0
867	12	10	34	0
868	14	10	34	0
869	16	10	34	0
870	18	10	34	0
871	20	10	34	0
872	0	20	34	0
873	2	20	34	0
874	4	20	34	0
875	6	20	34	0
876	8	20	34	0
877	10	20	34	0
878	12	20	34	0
879	14	20	34	0
880	16	20	34	0
881	18	20	34	0
882	20	20	34	0
883	0	0	32	0
884	2	0	32	0
885	4	0	32	0
886	6	0	32	0
887	8	0	32	0
888	10	0	32	0
889	12	0	32	0
890	14	0	32	0
891	16	0	32	0
892	18	0	32	0
893	20	0	32	0
894	0	10	32	0
895	2	10	32	0
896	4	10	32	0
897	6.00000000000001	10	32	0
898	8	10	32	0
899	10	10	32	0
900	12	10	32	0
901	14	10	32	0
902	16	10	32	0
903	18	10	32	0
904	20	10	32	0
905	0	20	32	0
906	2	20	32	0
907	4	20	32	0
908	6	20	32	0
909	8	20	32	0
910	10	20	32	0
911	12	20	32	0
912	14	20	32	0
913	16	20	32	0
914	18	20	32	0
915	20	20	32	0
916	0	0	30	0
917	2	0	30	0
918	4	0	30	0
919	6	0	30	0
920	8	0	30	0
921	10	0	30	0
922	12	0	30	0
923	14	0	30	0
924	16	0	30	0
925	18	0	30	0
926	20	0	30	0
927	0	10	30	0
928	2	10	30	0
929	4	10	30	0
930	6.00000000000001	10	30	0
931	8.00000000000001	10	30	0
932	10	10	30	0
933	12	10	30	0
934	14	10	30	0
935	16	10	30	0
936	18	10	30	0
937	20	10	30	0
938	0	20	30	0
939	2	20	30	0
940	4	20	30	0
941	6	20	30	0
942	8	20	30	0
943	10	20	30	0
944	12	20	30	0
945	14	20	30	0
946	16	20	30	0
947	18	20	30	0
948	20	20	30	0
949	0	0	28	0
950	2	0	28	0
951	4	0	28	0
952	6	0	28	0
953	8	0	28	0
954	10	0	28	0
955	12	0	28	0
956	14	0	28	0
957	16	0	28	0
958	18	0	28	0
959	20	0	28	0
960	0	10	28	0
961	2	10	28	0
962	4.00000000000001	10	28	0
963	6	10	28	0
964	8.00000000000001	10	28	0
965	10	10	28	0
966	12	10	28	0
967	14	10	28	0
968	16	10	28	0
969	18	10	28	0
970	20	10	28	0
971	0	20	28	0
972	2	20	28	0
973	4	20	28	0
974	6	20	28	0
975	8	20	28	0
976	10	20	28	0
977	12	20	28	0
978	14	20	28	0
979	16	20	28	0
980	18	20	28	0
981	20	20	28	0
982	0	0	26	0
983	2	0	26	0
984	4	0	26	0
985	6	0	26	0
986	8	0	26	0
987	10	0	26	0
988	12	0	26	0
989	14	0	26	0
990	16	0	26	0
991	18	0	26	0
992	20	0	26	0
993	0	10	26	0
994	2	10	26	0
995	4	10	26	0
996	6.00000000000001	10	26	0
997	8.00000000000001	10	26	0
998	10	10	26	0
999	12	10	26	0
1000	14	10	26	0
1001	16	10	26	0
1002	18	10	26	0
1003	20	10	26	0
1004	0	20	26	0
1005	2	20	26	0
1006	4	20	26	0
1007	6	20	26	0
1008	8	20	26	0
1009	10	20	26	0
1010	12	20	26	0
1011	14	20	26	0
1012	16	20	26	0
1013	18	20	26	0
1014	20	20	26	0
1015	0	0	24	0
1016	2	0	24	0
1017	4	0	24	0
1018	6	0	24	0
1019	8	0	24	0
1020	10	0	24	0
1021	12	0	24	0
1022	14	0	24	0
1023	16	0	24	0
1024	18	0	24	0
1025	20	0	24	0
1026	0	10	24	0
1027	2	10	24	0
1028	4	10	24	0
1029	6.00000000000001	10	24	0
1030	8.00000000000001	9.99999999999999	24	0
1031	10	9.99999999999999	24	0
1032	12	9.99999999999999	24	0
1033	14	10	24	0
1034	16	10	24	0
1035	18	10	24	0
1036	20	10	24	0
1037	0	20	24	0
1038	2	20	24	0
1039	4	20	24	0
1040	6	20	24	0
1041	8	20	24	0
1042	10	20	24	0
1043	12	20	24	0
1044	14	20	24	0
1045	16	20	24	0
1046	18	20	24	0
1047	20	20	24	0
1048	0	0	22	0
1049	2	0	22	0
1050	4	0	22	0
1051	6	0	22	0
1052	8	0	22	0
1053	10	0	22	0
1054	12	0	22	0
1055	14	0	22	0
1056	16	0	22	0
1057	18	0	22	0
1058	20	0	22	0
1059	0	10	22	0
1060	2	10	22	0
1061	4	10	22	0
1062	6.00000000000001	10	22	0
1063	8.00000000000001	10	22	0
1064	9.99999999999999	10	22	0
1065	12	10	22	0
1066	14	10	22	0
1067	16	10	22	0
1068	18	10	22	0
1069	20	10	22	0
1070	0	20	22	0
1071	2	20	22	0
1072	4	20	22	0
1073	6	20	22	0
1074	8	20	22	0
1075	10	20	22	0
1076	12	20	22	0
1077	14	20	22	0
1078	16	20	22	0
1079	18	20	22	0
1080	20	20	22	0
1081	30	0	50	0
1082	40	0	50	0
1083	30	10	50	0
1084	40	10	50	0
1085	30	20	50	0
1086	40	20	50	0
1087	30	0	48	0
1088	40	0	48	0
1089	30	9.99999999999999	48	0
1090	40	9.99999999999999	48	0
1091	30	20	48	0
1092	40	20	48	0
1093	30	0	46	0
1094	40	0	46	0
1095	30	10	46	0
1096	40	10	46	0
1097	30	20	46	0
1098	40	20	46	0
1099	30	0	44	0
1100	40	0	44	0
1101	30	10	44	0
1102	40	10	44	0
1103	30	20	44	0
1104	40	20	44	0
1105	30	0	42	0
1106	40	0	42	0
1107	30	10	42	0
1108	40	9.99999999999999	42	0
1109	30	20	42	0
1110	40	20	42	0
1111	30	0	40	0
1112	40	0	40	0
1113	30	10	40	0
1114	40	10	40	0
1115	30	20	40	0
1116	40	20	40	0
1117	30	0	38	0
1118	40	0	38	0
1119	30	10	38	0
1120	40	10	38	0
1121	30	20	38	0
1122	40	20	38	0
1123	30	0	36	0
1124	40	0	36	0
1125	30	9.99999999999999	36	0
1126	40	9.99999999999999	36	0
1127	30	20	36	0
1128	40	20	36	0
1129	30	0	34	0
1130	40	0	34	0
1131	30	10	34	0
1132	40	10	34	0
1133	30	20	34	0
1134	40	20	34	0
1135	30	0	32	0
1136	40	0	32	0
1137	30	10	32	0
1138	40	10	32	0
1139	30	20	32	0
1140	40	20	32	0
1141	30	0	30	0
1142	40	0	30	0
1143	30	10	30	0
1144	40	10	30	0
1145	30	20	30	0
1146	40	20	30	0
1147	30	0	28	0
1148	40	0	28	0
1149	30	10	28	0
1150	40	10	28	0
1151	30	20	28	0
1152	40	20	28	0
1153	30	0	26	0
1154	40	0	26	0
1155	30	10	26	0
1156	40	10	26	0
1157	30	20	26	0
1158	40	20	26	0
1159	30	0	24	0
1160	40	0	24	0
1161	30	9.99999999999999	24	0
1162	40	10	24	0
1163	30	20	24	0
1164	40	20	24	0
1165	30	0	22	0
1166	40	0	22	0
1167	30	10	22	0
1168	40	10	22	0
1169	30	20	22	0
1170	40	20	22	0
1171	0	22	50	0
1172	2	22	50	0
1173	4	22	50	0
1174	6	22	50	0
1175	8	22	50	0
1176	10	22	50	0
1177	12	22	50	0
1178	14	22	50	0
1179	16	22	50	0
1180	18	22	50	0
1181	20	22	50	0
1182	0	24	50	0
1183	2	24	50	0
1184	4	24	50	0
1185	6	24	50	0
1186	8	24	50	0
1187	10	24	50	0
1188	12	24	50	0
1189	14	24	50	0
1190	16	24	50	0
1191	18	24	50	0
1192	20	24	50	0
1193	0	26	50	0
1194	2	26	50	0
1195	4	26	50	0
1196	6	26	50	0
1197	8	26	50	0
1198	10	26	50	0
1199	12	26	50	0
1200	14	26	50	0
1201	16	26	50	0
1202	18	26	50	0
1203	20	26	50	0
1204	0	28	50	0
1205	2	28	50	0
1206	4	28	50	0
1207	6	28	50	0
1208	8	28	50	0
1209	10	28	50	0
1210	12	28	50	0
1211	14	28	50	0
1212	16	28	50	0
1213	18	28	50	0
1214	20	28	50	0
1215	0	30	50	0
1216	2	30	50	0
1217	4	30	50	0
1218	6	30	50	0
1219	8	30	50	0
1220	10	30	50	0
1221	12	30	50	0
1222	14	30	50	0
1223	16	30	50	0
1224	18	30	50	0
1225	20	30	50	0
1226	0	32	50	0
1227	2	32	50	0
1228	4	32	50	0
1229	6	32	50	0
1230	8	32	50	0
1231	10	32	50	0
1232	12	32	50	0
1233	14	32	50	0
1234	16	32	50	0
1235	18	32	50	0
1236	20	32	50	0
1237	0	34	50	0
1238	2	34	50	0
1239	4	34	50	0
1240	6	34	50	0
1241	8	34	50	0
1242	10	34	50	0
1243	12	34	50	0
1244	14	34	50	0
1245	16	34	50	0
1246	18	34	50	0
1247	20	34	50	0
1248	0	36	50	0
1249	2	36	50	0
1250	4	36	50	0
1251	6	36	50	0
1252	8	36	50	0
1253	10	36	50	0
1254	12	36	50	0
1255	14	36	50	0
1256	16	36	50	0
1257	18	36	50	0
1258	20	36	50	0
1259	0	38	50	0
1260	2	38	50	0
1261	4	38	50	0
1262	6	38	50	0
1263	8	38	50	0
1264	10	38	50	0
1265	12	38	50	0
1266	14	38	50	0
1267	16	38	50	0
1268	18	38	50	0
1269	20	38	50	0
1270	0	40	50	0
1271	2	40	50	0
1272	4	40	50	0
1273	6	40	50	0
1274	8	40	50	0
1275	10	40	50	0
1276	12	40	50	0
1277	14	40	50	0
1278	16	40	50	0
1279	18	40	50	0
1280	20	40	50	0
1281	0	22	48	0
1282	2	22	48.0000000000001	0
1283	4	22	48	0
1284	6	22	48	0
1285	8	22	48	0
1286	9.99999999999999	22	48	0
1287	12	22	48	0
1288	14	22	48	0
1289	16	22	48	0
1290	18	22	48.0000000000001	0
1291	20	22	48	0
1292	0	24	48	0
1293	2	24	48	0
1294	4	24	48	0
1295	6.00000000000001	24	48	0
1296	8	24	48.0000000000001	0
1297	9.99999999999999	24	48	0
1298	12	24	48	0
1299	14	24	48	0
1300	16	24	48	0
1301	18	24	48	0
1302	20	24	48	0
1303	0	26	48	0
1304	2	26	48	0
1305	4	26	48	0
1306	6	26	48	0
1307	8	26	48	0
1308	9.99999999999999	26	48	0
1309	12	26	48	0
1310	14	26	48	0
1311	16	26	48	0
1312	18	26	48	0
1313	20	26	48	0
1314	0	28	48	0
1315	2	28	48.0000000000001	0
1316	4	28	48	0
1317	6	28	48	0
1318	8.00000000000001	28	48	0
1319	9.99999999999999	28	48.0000000000001	0
1320	12	28	48	0
1321	14	28	48.0000000000001	0
1322	16	28	48.0000000000001	0
1323	18	28	48	0
1324	20	28	48	0
1325	0	30	48	0
1326	2	30	48	0
1327	4	30	48	0
1328	6.00000000000001	30	47.9999999999999	0
1329	8.00000000000001	30	48	0
1330	9.99999999999999	30	48	0
1331	12	30	48	0
1332	14	30	48	0
1333	16	30	48	0
1334	18	30	48	0
1335	20	30	48	0
1336	0	32	48.0000000000001	0
1337	2	32	48.0000000000001	0
1338	4	32	48	0
1339	6	32	48	0
1340	8.00000000000001	32	48	0
1341	9.99999999999999	32	48.0000000000001	0
1342	12	32	48	0
1343	14	32	48.0000000000001	0
1344	16	32	48.0000000000001	0
1345	18	32	48.0000000000001	0
1346	20	32	48.0000000000001	0
1347	0	34	48	0
1348	2	34	48	0
1349	4	34.0000000000001	48	0
1350	6.00000000000001	34	48	0
1351	8	34	48	0
1352	9.99999999999999	34	48	0
1353	12	34	48	0
1354	14	34	48	0
1355	16	34	48	0
1356	18	34	48	0
1357	20	34	48	0
1358	0	36	48	0
1359	2	36	48	0
1360	4	36	48	0
1361	6.00000000000001	36	48	0
1362	8	36	48	0
1363	9.99999999999999	36	48	0
1364	12	36	48	0
1365	14	36	48	0
1366	16	36	48.0000000000001	0
1367	18	36	48	0
1368	20	36	48	0
1369	0	38	48	0
1370	2	38	48.0000000000001	0
1371	4	38	47.9999999999999	0
1372	6	38	48	0
1373	8.00000000000001	38	48.0000000000001	0
1374	9.99999999999999	38	48	0
1375	12	38	48	0
1376	14	38	48	0
1377	16	38	48	0
1378	18	38	48	0
1379	20	38	48	0
1380	0	40	48	0
1381	2	40	48	0
1382	4	40	48	0
1383	6	40	48	0
1384	8	40	48	0
1385	9.99999999999999	40	48	0
1386	12	40	48.0000000000001	0
1387	14	40	48	0
1388	16	40	48.0000000000001	0
1389	18	40	48	0
1390	20	40	48	0
1391	0	22	46	0
1392	2	22	45.9999999999999	0
1393	4	22	46	0
1394	6.00000000000001	22	45.9999999999999	0
1395	8	22	45.9999999999999	0
1396	10	22	46	0
1397	12	22	46	0
1398	14	22	46	0
1399	16	22	46	0
1400	18	22	45.9999999999999	0
1401	20	22	46	0
1402	0	24	46	0
1403	2	24	45.9999999999999	0
1404	4	24	45.9999999999999	0
1405	6	24	46	0
1406	8	24	45.9999999999999	0
1407	10	24	46	0
1408	12	24	46	0
1409	14	24	46	0
1410	16	24	46	0
1411	18	24	45.9999999999999	0
1412	20	24	46	0
1413	0	26	46	0
1414	2	26	46	0
1415	4	26	46	0
1416	6.00000000000001	26	46	0
1417	8	26	46	0
1418	10	26	46	0
1419	12	26	46	0
1420	14	26	46	0
1421	16	26	46	0
1422	18	26	46	0
1423	20	26	46	0
1424	0	28	46	0
1425	2	28	45.9999999999999	0
1426	4	28	46	0
1427	6.00000000000001	28	46	0
1428	8	28	46	0
1429	10	28	46.0000000000001	0
1430	12	28	46	0
1431	14	28	46	0
1432	16	28	46	0
1433	18	28	45.9999999999999	0
1434	20	28	46	0
1435	0	30	46	0
1436	2	30	45.9999999999999	0
1437	4	30	46	0
1438	6	30	46	0
1439	8.00000000000001	30	46.0000000000001	0
1440	10	30	46	0
1441	12	30	46	0
1442	14	30	46	0
1443	16	30	46	0
1444	18	30	46	0
1445	20	30	46	0
1446	0	32	46	0
1447	2	32	45.9999999999999	0
1448	4	32	45.9999999999999	0
1449	6.00000000000001	32	46	0
1450	8.00000000000001	32	46	0
1451	10	32	46	0
1452	12	32	45.9999999999999	0
1453	14	32	45.9999999999999	0
1454	16	32	45.9999999999999	0
1455	18	32	45.9999999999999	0
1456	20	32	46	0
1457	0	34	46	0
1458	2	34	45.9999999999999	0
1459	4	34	46	0
1460	6.00000000000001	34	46	0
1461	8.00000000000001	34	46	0
1462	10	34	46	0
1463	12	34	46	0
1464	14	34	46	0
1465	16	34	46	0
1466	18	34	46	0
1467	20	34	46	0
1468	0	36	46	0
1469	2	36	45.9999999999999	0
1470	4	36	46	0
1471	6.00000000000001	36.0000000000001	46	0
1472	8	36	46	0
1473	10	36	46	0
1474	12	36	46	0
1475	14	36	46	0
1476	16	36	46	0
1477	18	36	46	0
1478	20	36	46	0
1479	0	38	46	0
1480	2	38	45.9999999999999	0
1481	4	38	46	0
1482	6.00000000000001	38	46	0
1483	8	38	46	0
1484	10	38	46	0
1485	12	38	46	0
1486	14	38	46	0
1487	16	38	46	0
1488	18	38	46	0
1489	20	38	46	0
1490	0	40	46	0
1491	2	40	46	0
1492	4	40	45.9999999999999	0
1493	6	40	46	0
1494	8	40	46	0
1495	10	40	46	0
1496	12	40	46	0
1497	14	40	46	0
1498	16	40	46	0
1499	18	40	46	0
1500	20	40	46	0
1501	0	22	44	0
1502	2	22	44	0
1503	4	22	44	0
1504	6.00000000000001	22	44	0
1505	8	22	44	0
1506	10	22	44	0
1507	12	22	44	0
1508	14	22	44	0
1509	16	22	44	0
1510	18	22	44	0
1511	20	22	44	0
1512	0	24	44	0
1513	2	24	44	0
1514	4	24	44	0
1515	6	24	44.0000000000001	0
1516	8	24	43.9999999999999	0
1517	10	24	44	0
1518	12	24	44	0
1519	14	24	44	0
1520	16	24	44	0
1521	18	24	44	0
1522	20	24	44	0
1523	0	26	44	0
1524	2	26	44	0
1525	4	26	44	0
1526	6.00000000000001	26	44	0
1527	8	26	44	0
1528	10	26	44	0
1529	12	26	44	0
1530	14	26	44	0
1531	16	26	44.0000000000001	0
1532	18	26	44	0
1533	20	26	44	0
1534	0	28	44	0
1535	2	28	44	0
1536	4	28	44	0
1537	6.00000000000001	28	44.0000000000001	0
1538	8	28	44	0
1539	10	28	44	0
1540	12	28	44	0
1541	14	28	44	0
1542	16	28	44	0
1543	18	28	44	0
1544	20	28	44	0
1545	0	30	44	0
1546	2	30	44	0
1547	4	30	44	0
1548	6	30	44.0000000000001	0
1549	8.00000000000001	30	44	0
1550	10	30	44	0
1551	12	30	44	0
1552	14	30	44	0
1553	16	30	44	0
1554	18	30	44	0
1555	20	30	44	0
1556	0	32	44	0
1557	2	32	44	0
1558	4	32	44	0
1559	6.00000000000001	32	44	0
1560	8.00000000000001	32	44	0
1561	10	32	44	0
1562	12	32	44	0
1563	14	32	44	0
1564	16	32	44	0
1565	18	32	44	0
1566	20	32	44	0
1567	0	34	44	0
1568	2	34	44	0
1569	4	34	44	0
1570	6	34	44	0
1571	8	34	44	0
1572	10	34	44	0
1573	12	34	44	0
1574	14	34	44	0
1575	16	34	44	0
1576	18	34	44	0
1577	20	34	44	0
1578	0	36	44	0
1579	2	36	44	0
1580	4	36	44	0
1581	6.00000000000001	36	44	0
1582	8	36	44	0
1583	10	36	44	0
1584	12	36	44	0
1585	14	36	44	0
1586	16	36	44	0
1587	18	36	44	0
1588	20	36	44	0
1589	0	38	44	0
1590	2	38	44	0
1591	4	38	44	0
1592	6	38	44	0
1593	8	38	44	0
1594	10	38	44	0
1595	12	38	44	0
1596	14	38	44	0
1597	16	38	44	0
1598	18	38	44	0
1599	20	38	44	0
1600	0	40	44	0
1601	2	40	44	0
1602	4	40	44	0
1603	6	40	44	0
1604	8	40	44	0
1605	10	40	44	0
1606	12	40	44	0
1607	14	40	44	0
1608	16	40	44	0
1609	18	40	44	0
1610	20	40	44	0
1611	0	22	42	0
1612	2	22	42.0000000000001	0
1613	4	22	42	0
1614	6	22	42	0
1615	8	22	42	0
1616	10	22	42	0
1617	12	22	42	0
1618	14	22	42.0000000000001	0
1619	16	22	42	0
1620	18	22	42	0
1621	20	22	42	0
1622	0	24	42	0
1623	2	24	42.0000000000001	0
1624	4	24	42.0000000000001	0
1625	6	24	42	0
1626	8	24	42	0
1627	10	24	42	0
1628	12	24	42	0
1629	14	24	42.0000000000001	0
1630	16	24	42	0
1631	18	24	42	0
1632	20	24	42	0
1633	0	26	42	0
1634	2	26	42	0
1635	4	26	42	0
1636	6.00000000000001	26	42	0
1637	8	26	42	0
1638	10	26	42	0
1639	12	26	42	0
1640	14	26	42	0
1641	16	26	42	0
1642	18	26	42	0
1643	20	26	42	0
1644	0	28	42	0
1645	2	28	42	0
1646	4	28	42	0
1647	6	28	42	0
1648	8	28	42	0
1649	10	28	42	0
1650	12	28	42	0
1651	14	28	42	0
1652	16	28	42	0
1653	18	28	42	0
1654	20	28	42	0
1655	0	30	42	0
1656	2	30	42	0
1657	4	30	42	0
1658	6.00000000000001	30	42	0
1659	8.00000000000001	30	42	0
1660	10	30	42	0
1661	12	30	42	0
1662	14	30	42	0
1663	16	30	42	0
1664	18	30	42	0
1665	20	30	42	0
1666	0	32	42	0
1667	2	32	42	0
1668	4	32	42	0
1669	6	32	42	0
1670	8.00000000000001	32	42	0
1671	10	32	42	0
1672	12	32	42	0
1673	14	32	42	0
1674	16	32	42	0
1675	18	32	42	0
1676	20	32	42	0
1677	0	34	42	0
1678	2	34	42	0
1679	4	34	42	0
1680	6	34	42	0
1681	8	34	42	0
1682	10	34	42	0
1683	12	34	42	0
1684	14	34	42.0000000000001	0
1685	16	34	42	0
1686	18	34	42	0
1687	20	34	42	0
1688	0	36	42	0
1689	2	36	42	0
1690	4	36	42	0
1691	6.00000000000001	36	41.9999999999999	0
1692	8	36	42	0
1693	10	36	42	0
1694	12	36	42	0
1695	14	36	42	0
1696	16	36	42	0
1697	18	36	42	0
1698	20	36	42	0
1699	0	38	42	0
1700	2	38	42	0
1701	4	38	42	0
1702	6	38	42	0
1703	8.00000000000001	38	42	0
1704	10	38	42	0
1705	12	38	42	0
1706	14	38	42	0
1707	16	38	42	0
1708	18	38	42	0
1709	20	38	42	0
1710	0	40	42	0
1711	2	40	42	0
1712	4	40	42	0
1713	6	40	42	0
1714	8	40	42	0
1715	9.99999999999999	40	42	0
1716	12	40	42	0
1717	14	40	42	0
1718	16	40	42	0
1719	18	40	42	0
1720	20	40	42	0
1721	0	22	40	0
1722	2	22	40	0
1723	4	22	40	0
1724	6.00000000000001	22	40	0
1725	8.00000000000001	22	40	0
1726	10	22	40	0
1727	12	22	40	0
1728	14	22	40	0
1729	16	22	40	0
1730	18	22	40	0
1731	20	22	40	0
1732	0	24	40	0
1733	2	24	40	0
1734	4	24	40	0
1735	6	24	40	0
1736	8	24	40	0
1737	10	24	40	0
1738	12	24	40	0
1739	14	24	40	0
1740	16	24	40	0
1741	18	24	40	0
1742	20	24	40	0
1743	0	26	40	0
1744	2	26	40	0
1745	4	26	40	0
1746	6	26	40	0
1747	8	26	40	0
1748	10	26	40	0
1749	12	26	40	0
1750	14	26	40	0
1751	16	26	40	0
1752	18	26	40	0
1753	20	26	40	0
1754	0	28	40	0
1755	2	28	40	0
1756	4	28	40	0
1757	6	28	40	0
1758	8	28	40	0
1759	10	28	40	0
1760	12	28	40	0
1761	14	28	40	0
1762	16	28	40	0
1763	18	28	40	0
1764	20	28	40	0
1765	0	30	40	0
1766	2	30	40	0
1767	4.00000000000001	30	40	0
1768	6.00000000000001	30	40	0
1769	8.00000000000002	30	40	0
1770	10	30	40	0
1771	12	30	40	0
1772	14	30	40	0
1773	16	30	40	0
1774	18	30	40	0
1775	20	30	40	0
1776	0	32	40	0
1777	2	32	40	0
1778	4	32	40	0
1779	6	32	40	0
1780	8.00000000000001	32	40	0
1781	10	32	40	0
1782	12	32	40	0
1783	14	32	40	0
1784	16	32	40	0
1785	18	32	40	0
1786	20	32	40	0
1787	0	34	40	0
1788	2	34	40	0
1789	4	34	40	0
1790	6.00000000000001	34	40	0
1791	8	34	40	0
1792	10	34	40	0
1793	12	34	40	0
1794	14	34	40	0
1795	16	34	40	0
1796	18	34	40	0
1797	20	34	40	0
1798	0	36	40	0
1799	2	36	39.9999999999999	0
1800	4	36	40	0
1801	6	36	40	0
1802	8.00000000000001	36	40	0
1803	10	36	40	0
1804	12	36	40	0
1805	14	36	40	0
1806	16	36	40	0
1807	18	36	40	0
1808	20	36	40	0
1809	0	38	40	0
1810	2	38	40	0
1811	4	38	40	0
1812	6	38	40	0
1813	8	38	40	0
1814	10	38	40	0
1815	12	38	40	0
1816	14	38	40	0
1817	16	38	40	0
1818	18	38	40	0
1819	20	38	40	0
1820	0	40	40	0
1821	2	40	40	0
1822	4	40	40	0
1823	6	40	40	0
1824	8	40	40	0
1825	10	40	40	0
1826	12	40	40	0
1827	14	40	40	0
1828	16	40	40	0
1829	18	40	40	0
1830	20	40	40	0
1831	0	22	38	0
1832	2	22	38	0
1833	4	22	38	0
1834	6	22	38	0
1835	8	22	38	0
1836	10	22	38	0
1837	12	22	38	0
1838	14	22	38	0
1839	16	22	38	0
1840	18	22	38	0
1841	20	22	38	0
1842	0	24	38	0
1843	2	24	38	0
1844	4	24	38	0
1845	6.00000000000001	24	38	0
1846	8	24	38	0
1847	10	24	38	0
1848	12	24	38	0
1849	14	24	38	0
1850	16	24	38	0
1851	18	24	38	0
1852	20	24	38	0
1853	0	26	38	0
1854	2	26	38	0
1855	4	26	38	0
1856	6.00000000000001	26	38	0
1857	8	26	38	0
1858	10	26	38	0
1859	12	26	38	0
1860	14	26	38	0
1861	16	26	38	0
1862	18	26	38	0
1863	20	26	38	0
1864	0	28	38	0
1865	2	28	38	0
1866	4	28	38	0
1867	6	28	38	0
1868	8	28	38	0
1869	10	28	38	0
1870	12	28	38	0
1871	14	28	38	0
1872	16	28	38	0
1873	18	28	38	0
1874	20	28	38	0
1875	0	30	38	0
1876	2	30	38	0
1877	4	30	38	0
1878	6	30	38	0
1879	8.00000000000001	30	38	0
1880	10	30	38	0
1881	12	30	38	0
1882	14	30	38	0
1883	16	30	38	0
1884	18	30	38	0
1885	20	30	38	0
1886	0	32	38	0
1887	2	32	38	0
1888	4	32	38	0
1889	6	32	38	0
1890	8.00000000000001	32	38	0
1891	10	32	38	0
1892	12	32	38	0
1893	14	32	38	0
1894	16	32	38	0
1895	18	32	38	0
1896	20	32	38	0
1897	0	34	38	0
1898	2	34	38	0
1899	4	34	38	0
1900	6	34	38	0
1901	8	34	38	0
1902	10	34	38	0
1903	12	34	38	0
1904	14	34	38	0
1905	16	34	38	0
1906	18	34	38	0
1907	20	34	38	0
1908	0	36	38	0
1909	2	36	38	0
1910	4	36	38	0
1911	6.00000000000001	36	38	0
1912	8	36	38	0
1913	10	36	38	0
1914	12	36	38	0
1915	14	36	38	0
1916	16	36	38	0
1917	18	36	38	0
1918	20	36	38	0
1919	0	38	38	0
1920	2	38	38	0
1921	4	38	38	0
1922	6	38	38	0
1923	8	38	38	0
1924	10	38	38	0
1925	12	38	38	0
1926	14	38	38	0
1927	16	38	38	0
1928	18	38	38	0
1929	20	38	38	0
1930	0	40	38	0
1931	2	40	38	0
1932	4	40	38	0
1933	6	40	38	0
1934	8	40	38	0
1935	10	40	38	0
1936	12	40	38	0
1937	14	40	38	0
1938	16	40	38	0
1939	18	40	38	0
1940	20	40	38	0
1941	0	22	36	0
1942	2	22	36	0
1943	4	22	36	0
1944	6	22	36	0
1945	8	22	36	0
1946	9.99999999999999	22	36	0
1947	12	22	36	0
1948	14	22	36	0
1949	16	22	36	0
1950	18	22	36	0
1951	20	22	36	0
1952	0	24	36	0
1953	2	24	36	0
1954	4	24	36.0000000000001	0
1955	6	24	36	0
1956	8	24	36	0
1957	9.99999999999999	24	36	0
1958	12	24	36	0
1959	14	24	36	0
1960	16	24	36.0000000000001	0
1961	18	24	36	0
1962	20	24	36	0
1963	0	26	36	0
1964	2	26	36	0
1965	4	26	36	0
1966	6.00000000000001	26	36.0000000000001	0
1967	8	26	36	0
1968	9.99999999999999	26	36	0
1969	12	26	36	0
1970	14	26	36	0
1971	16	26	36	0
1972	18	26	36	0
1973	20	26	36	0
1974	0	28	36	0
1975	2	28	36	0
1976	4	28	36	0
1977	6	28	36.0000000000001	0
1978	8	28	36	0
1979	10	28	36	0
1980	12	28	36	0
1981	14	28	36	0
1982	16	28	36	0
1983	18	28	36	0
1984	20	28	36	0
1985	0	30	36	0
1986	2	30	36	0
1987	4	30	36	0
1988	6	30	36	0
1989	8.00000000000001	30	36	0
1990	9.99999999999999	30	36	0
1991	12	30	36	0
1992	14	30	36	0
1993	16	30	36	0
1994	18	30	36	0
1995	20	30	36	0
1996	0	32	36	0
1997	2	32	36	0
1998	4	32	36	0
1999	6	32	36.0000000000001	0
2000	8.00000000000001	32	36	0
2001	9.99999999999999	32	36	0
2002	12	32	36	0
2003	14	32	36	0
2004	16	32	36	0
2005	18	32	36	0
2006	20	32	36	0
2007	0	34	36	0
2008	2	34	36	0
2009	4	34.0000000000001	36	0
2010	6	34	36	0
2011	8	34	36	0
2012	9.99999999999999	34	36	0
2013	12	34	36	0
2014	14	34	36	0
2015	16	34	36	0
2016	18	34	36	0
2017	20	34	36	0
2018	0	36	36	0
2019	2	36	36	0
2020	4	36	36	0
2021	6.00000000000001	36	36	0
2022	8.00000000000001	36	36	0
2023	9.99999999999999	36	36	0
2024	12	36	36	0
2025	14	36	36	0
2026	16	36	36	0
2027	18	36	36	0
2028	20	36	36	0
2029	0	38	36	0
2030	2	38	36	0
2031	4	38	36.0000000000001	0
2032	6	38	36.0000000000001	0
2033	8	38	36	0
2034	9.99999999999999	38	36	0
2035	12	38	36	0
2036	14	38	36.0000000000001	0
2037	16	38	36	0
2038	18	38	36	0
2039	20	38	36	0
2040	0	40	36	0
2041	2	40	36	0
2042	4	40	36	0
2043	6	40	36	0
2044	8	40	36	0
2045	9.99999999999999	40	36	0
2046	12	40	36	0
2047	14	40	36	0
2048	16	40	36	0
2049	18	40	36	0
2050	20	40	36	0
2051	0	22	34	0
2052	2	22	34	0
2053	4	22	34	0
2054	6	22	34	0
2055	8	22	34	0
2056	10	22	34	0
2057	12	22	34	0
2058	14	22	34	0
2059	16	22	34	0
2060	18	22	34	0
2061	20	22	34	0
2062	0	24	34	0
2063	2	24	34	0
2064	4	24	34	0
2065	6	24	34	0
2066	8	24	34	0
2067	10	24	34	0
2068	12	24	34	0
2069	14	24	34	0
2070	16	24	34	0
2071	18	24	34	0
2072	20	24	34	0
2073	0	26	34	0
2074	2	26	34	0
2075	4	26	34	0
2076	6.00000000000001	26	34	0
2077	8	26	34	0
2078	10	26	34	0
2079	12	26	34	0
2080	14	26	34	0
2081	16	26	34	0
2082	18	26	34	0
2083	20	26	34	0
2084	0	28	34	0
2085	2	28	34	0
2086	4	28	34	0
2087	6	28	34	0
2088	8	28	34	0
2089	10	28	34	0
2090	12	28	34	0
2091	14	28	34	0
2092	16	28	34	0
2093	18	28	34	0
2094	20	28	34	0
2095	0	30	34	0
2096	2	30	34	0
2097	4	30	34	0
2098	6.00000000000001	30	34	0
2099	8.00000000000001	30	34	0
2100	10	30	34	0
2101	12	30	34	0
2102	14	30	34	0
2103	16	30	34	0
2104	18	30	34	0
2105	20	30	34	0
2106	0	32	34	0
2107	2	32	34	0
2108	4	32	34	0
2109	6	32	34	0
2110	8.00000000000001	32	34	0
2111	10	32	34	0
2112	12	32	34	0
2113	14	32	34	0
2114	16	32	34	0
2115	18	32	34	0
2116	20	32	34	0
2117	0	34	34	0
2118	2	34	34	0
2119	4	34	34	0
2120	6	34	34	0
2121	8	34	34	0
2122	10	34	34	0
2123	12	34	34	0
2124	14	34	34	0
2125	16	34	34	0
2126	18	34	34	0
2127	20	34	34	0
2128	0	36	34	0
2129	2	36	34	0
2130	4	36	34	0
2131	6.00000000000001	36	34	0
2132	8	36	34	0
2133	10	36	34	0
2134	12	36	34	0
2135	14	36	34	0
2136	16	36	34	0
2137	18	36	34	0
2138	20	36	34	0
2139	0	38	34	0
2140	2	38	34	0
2141	4	38	34	0
2142	6	38	34	0
2143	8	38	34	0
2144	10	38	34	0
2145	12	38	34	0
2146	14	38	34	0
2147	16	38	34	0
2148	18	38	34	0
2149	20	38	34	0
2150	0	40	34	0
2151	2	40	34	0
2152	4	40	34	0
2153	6	40	34	0
2154	8	40	34	0
2155	10	40	34	0
2156	12	40	34	0
2157	14	40	34	0
2158	16	40	34	0
2159	18	40	34	0
2160	20	40	34	0
2161	0	22	32	0
2162	2	22	32	0
2163	4	22	32	0
2164	6	22	32	0
2165	8.00000000000001	22	32	0
2166	10	22	32	0
2167	12	22	32	0
2168	14	22	32	0
2169	16	22	32	0
2170	18	22	32	0
2171	20	22	32	0
2172	0	24	32	0
2173	2	24	32	0
2174	4	24	32	0
2175	6	24	32	0
2176	8.00000000000001	24	32	0
2177	10	24	32	0
2178	12	24	32	0
2179	14	24	32	0
2180	16	24	32	0
2181	18	24	32	0
2182	20	24	32	0
2183	0	26	32	0
2184	2	26	32	0
2185	4	26	32	0
2186	6.00000000000001	26	32	0
2187	8.00000000000001	26	32	0
2188	10	26	32	0
2189	12	26	32	0
2190	14	26	32	0
2191	16	26	32	0
2192	18	26	32	0
2193	20	26	32	0
2194	0	28	32	0
2195	2	28	32	0
2196	4	28	32	0
2197	6	28	32	0
2198	8.00000000000001	28	32	0
2199	10	28	32	0
2200	12	28	32	0
2201	14	28	32	0
2202	16	28	32	0
2203	18	28	32	0
2204	20	28	32	0
2205	0	30	32	0
2206	2	30	32	0
2207	4	30	32	0
2208	6.00000000000001	30	32	0
2209	8	30	32	0
2210	10	30	32	0
2211	12	30	32	0
2212	14	30	32	0
2213	16	30	32	0
2214	18	30	32	0
2215	20	30	32	0
2216	0	32	32	0
2217	2	32	32	0
2218	4	32	32	0
2219	6	32	32	0
2220	8.00000000000001	32	32	0
2221	10	32	32	0
2222	12	32	32	0
2223	14	32	32	0
2224	16	32	32	0
2225	18	32	32	0
2226	20	32	32	0
2227	0	34	32	0
2228	2	34	32	0
2229	4	34	32	0
2230	6	34	32	0
2231	8.00000000000001	34	32	0
2232	10	34	32	0
2233	12	34	32	0
2234	14	34	32	0
2235	16	34	32	0
2236	18	34	32	0
2237	20	34	32	0
2238	0	36	32	0
2239	2	36	32	0
2240	4	36	32	0
2241	6.00000000000001	36	32	0
2242	8	36	32	0
2243	10	36	32	0
2244	12	36	32	0
2245	14	36	32	0
2246	16	36	32	0
2247	18	36	32	0
2248	20	36	32	0
2249	0	38	32	0
2250	2	38	32	0
2251	4	38	32	0
2252	6	38	32	0
2253	8.00000000000001	38	32	0
2254	10	38	32	0
2255	12	38	32	0
2256	14	38	32	0
2257	16	38	32	0
2258	18	38	32	0
2259	20	38	32	0
2260	0	40	32	0
2261	2	40	32	0
2262	4	40	32	0
2263	6	40	32	0
2264	8	40	32	0
2265	10	40	32	0
2266	12	40	32	0
2267	14	40	32	0
2268	16	40	32	0
2269	18	40	32	0
2270	20	40	32	0
2271	0	22	30	0
2272	2	22	30	0
2273	4	22	30	0
2274	6	22	30	0
2275	8	22	30	0
2276	10	22	30	0
2277	12	22	30	0
2278	14	22	30	0
2279	16	22	30	0
2280	18	22	30	0
2281	20	22	30	0
2282	0	24	30	0
2283	2	24	30	0
2284	4	24	30	0
2285	6.00000000000001	24	30	0
2286	8	24	30	0
2287	10	24	30	0
2288	12	24	30	0
2289	14	24	30	0
2290	16	24	30	0
2291	18	24	30	0
2292	20	24	30	0
2293	0	26	30	0
2294	2	26	30	0
2295	4	26	30	0
2296	6.00000000000001	26	30	0
2297	8	26	30	0
2298	10	26	30	0
2299	12	26	30	0
2300	14	26	30	0
2301	16	26	30	0
2302	18	26	30	0
2303	20	26	30	0
2304	0	28	30	0
2305	2	28	30	0
2306	4	28	30	0
2307	6	28	30	0
2308	8	28	30	0
2309	10	28	30	0
2310	12	28	30	0
2311	14	28	30	0
2312	16	28	30	0
2313	18	28	30	0
2314	20	28	30	0
2315	0	30	30	0
2316	2	30	30	0
2317	4	30	30	0
2318	6.00000000000001	30	30	0
2319	8.00000000000001	30	30	0
2320	10	30	30	0
2321	12	30	30	0
2322	14	30	30	0
2323	16	30	30	0
2324	18	30	30	0
2325	20	30	30	0
2326	0	32	30	0
2327	2	32	30	0
2328	4	32	30	0
2329	6	32	30	0
2330	8.00000000000001	32	30	0
2331	10	32	30	0
2332	12	32	30	0
2333	14	32	30	0
2334	16	32	30	0
2335	18	32	30	0
2336	20	32	30	0
2337	0	34	30	0
2338	2	34	30	0
2339	4	34	30	0
2340	6	34	30	0
2341	8	34	30	0
2342	10	34	30	0
2343	12	34	30	0
2344	14	34	30	0
2345	16	34	30	0
2346	18	34	30	0
2347	20	34	30	0
2348	0	36	30	0
2349	2	36	30	0
2350	4	36	30	0
2351	6.00000000000001	36	30	0
2352	8	36	30	0
2353	10	36	30	0
2354	12	36	30	0
2355	14	36	30	0
2356	16	36	30	0
2357	18	36	30	0
2358	20	36	30	0
2359	0	38	30	0
2360	2	38	30	0
2361	4	38	30	0
2362	6	38	30	0
2363	8	38	30	0
2364	10	38	30	0
2365	12	38	30	0
2366	14	38	30	0
2367	16	38	30	0
2368	18	38	30	0
2369	20	38	30	0
2370	0	40	30	0
2371	2	40	30	0
2372	4	40	30	0
2373	6	40	30	0
2374	8	40	30	0
2375	10	40	30	0
2376	12	40	30	0
2377	14	40	30	0
2378	16	40	30	0
2379	18	40	30	0
2380	20	40	30	0
2381	0	22	28	0
2382	2	22	28	0
2383	4	22	28	0
2384	6	22	28	0
2385	8	22	28	0
2386	10	22	28	0
2387	12	22	28	0
2388	14	22	28	0
2389	16	22	28	0
2390	18	22	28	0
2391	20	22	28	0
2392	0	24	28	0
2393	2	24	28	0
2394	4	24	28	0
2395	6.00000000000001	24	28	0
2396	8	24	28	0
2397	10	24	28	0
2398	12	24	28	0
2399	14	24	28	0
2400	16	24	28	0
2401	18	24	28	0
2402	20	24	28	0
2403	0	26	28	0
2404	2	26	28	0
2405	4	26	28	0
2406	6.00000000000001	26	28	0
2407	8	26	28	0
2408	10	26	28	0
2409	12	26	28	0
2410	14	26	28	0
2411	16	26	28	0
2412	18	26	28	0
2413	20	26	28	0
2414	0	28	28	0
2415	2	28	28	0
2416	4	28	28	0
2417	6	28	28	0
2418	8	28	28	0
2419	10	28	28	0
2420	12	28	28	0
2421	14	28	28	0
2422	16	28	28	0
2423	18	28	28	0
2424	20	28	28	0
2425	0	30	28	0
2426	2	30	28	0
2427	4.00000000000001	30	28	0
2428	6	30	28	0
2429	8.00000000000001	30	28	0
2430	10	30	28	0
2431	12	30	28	0
2432	14	30	28	0
2433	16	30	28	0
2434	18	30	28	0
2435	20	30	28	0
2436	0	32	28	0
2437	2	32	28	0
2438	4.00000000000001	32	28	0
2439	6	32	28	0
2440	8.00000000000001	32	28	0
2441	10	32	28	0
2442	12	32	28	0
2443	14	32	28	0
2444	16	32	28	0
2445	18	32	28	0
2446	20	32	28	0
2447	0	34	28	0
2448	2	34	28	0
2449	4	34	28	0
2450	6	34	28	0
2451	8	34	28	0
2452	9.99999999999999	34	28	0
2453	12	34	28	0
2454	14	34	28	0
2455	16	34	28	0
2456	18	34	28	0
2457	20	34	28	0
2458	0	36	28	0
2459	2	36	28	0
2460	4	36	28	0
2461	6.00000000000001	36	28	0
2462	8	36	28	0
2463	10	36	28	0
2464	12	36	28	0
2465	14	36	28	0
2466	16	36	28	0
2467	18	36	28	0
2468	20	36	28	0
2469	0	38	28	0
2470	2	38	28	0
2471	4	38	28	0
2472	6	38	28	0
2473	8	38	28	0
2474	9.99999999999999	38	28	0
2475	12	38	28	0
2476	14	38	28	0
2477	16	38	28	0
2478	18	38	28	0
2479	20	38	28	0
2480	0	40	28	0
2481	2	40	28	0
2482	4	40	28	0
2483	6	40	28	0
2484	8	40	28	0
2485	10	40	28	0
2486	12	40	28	0
2487	14	40	28	0
2488	16	40	28	0
2489	18	40	28	0
2490	20	40	28	0
2491	0	22	26	0
2492	2	22	26	0
2493	4	22	26	0
2494	6.00000000000001	22	26	0
2495	8	22	26	0
2496	10	22	26	0
2497	12	22	26	0
2498	14	22	26	0
2499	16	22	26	0
2500	18	22	26	0
2501	20	22	26	0
2502	0	24	26	0
2503	2	24	26	0
2504	4	24	26	0
2505	6.00000000000001	24	26	0
2506	8	24	26	0
2507	10	24	26	0
2508	12	24	26	0
2509	14	24	26	0
2510	16	24	26	0
2511	18	24	26	0
2512	20	24	26	0
2513	0	26	26	0
2514	2	26	26	0
2515	4	26	26	0
2516	6.00000000000001	26	26	0
2517	8	26	26	0
2518	10	26	26	0
2519	12	26	26	0
2520	14	26	26	0
2521	16	26	26	0
2522	18	26	26	0
2523	20	26	26	0
2524	0	28	26	0
2525	2	28	26	0
2526	4	28	26	0
2527	6.00000000000001	28	26	0
2528	8	28	26	0
2529	10	28	26	0
2530	12	28	26	0
2531	14	28	26	0
2532	16	28	26	0
2533	18	28	26	0
2534	20	28	26	0
2535	0	30	26	0
2536	2	30	26	0
2537	4	30	26	0
2538	6.00000000000001	30	26	0
2539	8.00000000000001	30	26	0
2540	10	30	26	0
2541	12	30	26	0
2542	14	30	26	0
2543	16	30	26	0
2544	18	30	26	0
2545	20	30	26	0
2546	0	32	26	0
2547	2	32	26	0
2548	4	32	26	0
2549	6.00000000000001	32	26	0
2550	8.00000000000001	32	26	0
2551	10	32	26	0
2552	12	32	26	0
2553	14	32	26	0
2554	16	32	26	0
2555	18	32	26	0
2556	20	32	26	0
2557	0	34	26	0
2558	2	34	26	0
2559	4	34	26	0
2560	6.00000000000001	34	26	0
2561	8	34	26	0
2562	10	34	26	0
2563	12	34	26	0
2564	14	34	26	0
2565	16	34	26	0
2566	18	34	26	0
2567	20	34	26	0
2568	0	36	26	0
2569	2	36	26	0
2570	4	36	26	0
2571	6.00000000000001	36	26	0
2572	8	36	26	0
2573	10	36	26	0
2574	12	36	26	0
2575	14	36	26	0
2576	16	36	26	0
2577	18	36	26	0
2578	20	36	26	0
2579	0	38	26	0
2580	2	38	26	0
2581	4	38	26	0
2582	6.00000000000001	38	26	0
2583	8	38	26	0
2584	10	38	26	0
2585	12	38	26	0
2586	14	38	26	0
2587	16	38	26	0
2588	18	38	26	0
2589	20	38	26	0
2590	0	40	26	0
2591	2	40	26	0
2592	4	40	26	0
2593	6	40	26	0
2594	8	40	26	0
2595	10	40	26	0
2596	12	40	26	0
2597	14	40	26	0
2598	16	40	26	0
2599	18	40	26	0
2600	20	40	26	0
2601	0	22	24	0
2602	2	22	24	0
2603	4	22	24	0
2604	6	22	24	0
2605	8.00000000000001	22	24	0
2606	10	22	24	0
2607	12	22	24	0
2608	14	22	24	0
2609	16	22	24	0
2610	18	22	24	0
2611	20	22	24	0
2612	0	24	24	0
2613	2	24	24	0
2614	4	24	24	0
2615	6	24	24	0
2616	8.00000000000001	24	24	0
2617	10	24	24	0
2618	12	24	24	0
2619	14	24	24	0
2620	16	24	24	0
2621	18	24	24	0
2622	20	24	24	0
2623	0	26	24	0
2624	2	26	24	0
2625	4	26	24	0
2626	6	26	24	0
2627	8	26	24	0
2628	10	26	24	0
2629	12	26	24	0
2630	14	26	24	0
2631	16	26	24	0
2632	18	26	24	0
2633	20	26	24	0
2634	0	28	24	0
2635	2	28	24	0
2636	4	28	24	0
2637	6	28	24	0
2638	8.00000000000001	28	24	0
2639	10	28	24	0
2640	12	28	24	0
2641	14	28	24	0
2642	16	28	24	0
2643	18	28	24	0
2644	20	28	24	0
2645	0	30	24	0
2646	2	30	24	0
2647	4	30	24	0
2648	6.00000000000001	30	24	0
2649	8	30	24	0
2650	10	30	24	0
2651	12	30	24	0
2652	14	30	24	0
2653	16	30	24	0
2654	18	30	24	0
2655	20	30	24	0
2656	0	32	24	0
2657	2	32	24	0
2658	4	32	24	0
2659	6	32	24	0
2660	8	32	24	0
2661	10	32	24	0
2662	12	32	24	0
2663	14	32	24	0
2664	16	32	24	0
2665	18	32	24	0
2666	20	32	24	0
2667	0	34	24	0
2668	2	34	24	0
2669	4	34	24	0
2670	6	34	24	0
2671	8.00000000000001	34	24	0
2672	10	34	24	0
2673	12	34	24	0
2674	14	34	24	0
2675	16	34	24	0
2676	18	34	24	0
2677	20	34	24	0
2678	0	36	24	0
2679	2	36	24	0
2680	4	36	24	0
2681	6	36	24	0
2682	8.00000000000001	36	24	0
2683	10	36	24	0
2684	12	36	24	0
2685	14	36	24	0
2686	16	36	24	0
2687	18	36	24	0
2688	20	36	24	0
2689	0	38	24	0
2690	2	38	24	0
2691	4	38	24	0
2692	6	38	24	0
2693	8.00000000000001	38	24	0
2694	10	38	24	0
2695	12	38	24	0
2696	14	38	24	0
2697	16	38	24	0
2698	18	38	24	0
2699	20	38	24	0
2700	0	40	24	0
2701	2	40	24	0
2702	4	40	24	0
2703	6	40	24	0
2704	8	40	24	0
2705	10	40	24	0
2706	12	40	24	0
2707	14	40	24	0
2708	16	40	24	0
2709	18	40	24	0
2710	20	40	24	0
2711	0	22	22	0
2712	2	22	22	0
2713	4	22	22	0
2714	6	22	22	0
2715	8	22	22	0
2716	10	22	22	0
2717	12	22	22	0
2718	14	22	22	0
2719	16	22	22	0
2720	18	22	22	0
2721	20	22	22	0
2722	0	24	22	0
2723	2	24	22	0
2724	4	24	22	0
2725	6	24	22	0
2726	8	24	22	0
2727	10	24	22	0
2728	12	24	22	0
2729	14	24	22	0
2730	16	24	22	0
2731	18	24	22	0
2732	20	24	22	0
2733	0	26	22	0
2734	2	26	22	0
2735	4	26	22	0
2736	6.00000000000001	26	22	0
2737	8	26	22	0
2738	10	26	22	0
2739	12	26	22	0
2740	14	26	22	0
2741	16	26	22	0
2742	18	26	22	0
2743	20	26	22	0
2744	0	28	22	0
2745	2	28	22	0
2746	4	28	22	0
2747	6	28	22	0
2748	8.00000000000001	28	22	0
2749	10	28	22	0
2750	12	28	22	0
2751	14	28	22	0
2752	16	28	22	0
2753	18	28	22	0
2754	20	28	22	0
2755	0	30	22	0
2756	2	30	22	0
2757	4	30	22	0
2758	6.00000000000001	30	22	0
2759	8.00000000000001	30	22	0
2760	9.99999999999999	30	22	0
2761	12	30	22	0
2762	14	30	22	0
2763	16	30	22	0
2764	18	30	22	0
2765	20	30	22	0
2766	0	32	22	0
2767	2	32	22	0
2768	4	32	22	0
2769	6	32	22	0
2770	8.00000000000001	32	22	0
2771	9.99999999999999	32	22	0
2772	12	32	22	0
2773	14	32	22	0
2774	16	32	22	0
2775	18	32	22	0
2776	20	32	22	0
2777	0	34	22	0
2778	2	34	22	0
2779	4	34	22	0
2780	6	34	22	0
2781	8	34	22	0
2782	10	34	22	0
2783	12	34	22	0
2784	14	34	22	0
2785	16	34	22	0
2786	18	34	22	0
2787	20	34	22	0
2788	0	36	22	0
2789	2	36	22	0
2790	4	36	22	0
2791	6.00000000000001	36	22	0
2792	8	36	22	0
2793	10	36	22	0
2794	12	36	22	0
2795	14	36	22	0
2796	16	36	22	0
2797	18	36	22	0
2798	20	36	22	0
2799	0	38	22	0
2800	2	38	22	0
2801	4	38	22	0
2802	6	38	22	0
2803	8.00000000000001	38	22	0
2804	10	38	22	0
2805	12	38	22	0
2806	14	38	22	0
2807	16	38	22	0
2808	18	38	22	0
2809	20	38	22	0
2810	0	40	22	0
2811	2	40	22	0
2812	4	40	22	0
2813	6	40	22	0
2814	8	40	22	0
2815	10	40	22	0
2816	12	40	22	0
2817	14	40	22	0
2818	16	40	22	0
2819	18	40	22	0
2820	20	40	22	0
2821	30	22	50	0
2822	40	22	50	0
2823	30	24	50	0
2824	40	24	50	0
2825	30	26	50	0
2826	40	26	50	0
2827	30	28	50	0
2828	40	28	50	0
2829	30	30	50	0
2830	40	30	50	0
2831	30	32	50	0
2832	40	32	50	0
2833	30	34	50	0
2834	40	34	50	0
2835	30	36	50	0
2836	40	36	50	0
2837	30	38	50	0
2838	40	38	50	0
2839	30	40	50	0
2840	40	40	50	0
2841	30	22	48	0
2842	40	22	48	0
2843	30	24	48	0
2844	40	24	48	0
2845	30	26	48	0
2846	40	26	48	0
2847	30	28	48.0000000000001	0
2848	40	28	48	0
2849	30	30	48	0
2850	40	30	48	0
2851	30	32	48.0000000000001	0
2852	40	32	48.0000000000001	0
2853	30	34	48	0
2854	40	34	48	0
2855	30	36	48	0
2856	40	36	48	0
2857	30	38	48	0
2858	40	38	48	0
2859	30	40	48	0
2860	40	40	48	0
2861	30	22	46	0
2862	40	22	46	0
2863	30	24	46	0
2864	40	24	46	0
2865	30	26	46	0
2866	40	26	46	0
2867	30	28	46.0000000000001	0
2868	40	28	46	0
2869	30	30	46	0
2870	40	30	46	0
2871	30	32	46	0
2872	40	32	46	0
2873	30	34	46	0
2874	40	34	46	0
2875	30	36	46	0
2876	40	36	46	0
2877	30	38	46	0
2878	40	38	46	0
2879	30	40	46	0
2880	40	40	46	0
2881	30	22	44	0
2882	40	22	44	0
2883	30	24	44	0
2884	40	24	44	0
2885	30	26	44	0
2886	40	26	44	0
2887	30	28	44	0
2888	40	28	44	0
2889	30	30	44	0
2890	40	30	44	0
2891	30	32	44	0
2892	40	32	44	0
2893	30	34	44	0
2894	40	34	44	0
2895	30	36	44	0
2896	40	36	44	0
2897	30	38	44	0
2898	40	38	44	0
2899	30	40	44	0
2900	40	40	44	0
2901	30	22	42	0
2902	40	22	42	0
2903	30	24	42	0
2904	40	24	42	0
2905	30	26	42	0
2906	40	26	42	0
2907	30	28	42	0
2908	40	28	42	0
2909	30	30	42	0
2910	40	30	42	0
2911	30	32	42	0
2912	40	32	42	0
2913	30	34	42	0
2914	40	34	42	0
2915	30	36	42	0
2916	40	36	42	0
2917	30	38	42	0
2918	40	38	42	0
2919	30	40	42	0
2920	40	40	42	0
2921	30	22	40	0
2922	40	22	40	0
2923	30	24	40	0
2924	40	24	40	0
2925	30	26	40	0
2926	40	26	40	0
2927	30	28	40	0
2928	40	28	40	0
2929	30	30	40	0
2930	40	30	40	0
2931	30	32	40	0
2932	40	32	40	0
2933	30	34	40	0
2934	40	34	40	0
2935	30	36	40	0
2936	40	36	40	0
2937	30	38	40	0
2938	40	38	40	0
2939	30	40	40	0
2940	40	40	40	0
2941	30	22	38	0
2942	40	22	38	0
2943	30	24	38	0
2944	40	24	38	0
2945	30	26	38	0
2946	40	26	38	0
2947	30	28	38	0
2948	40	28	38	0
2949	30	30	38	0
2950	40	30	38	0
2951	30	32	38	0
2952	40	32	38	0
2953	30	34	38	0
2954	40	34	38	0
2955	30	36	38	0
2956	40	36	38	0
2957	30	38	38	0
2958	40	38	38	0
2959	30	40	38	0
2960	40	40	38	0
2961	30	22	36	0
2962	40	22	36	0
2963	30	24	36	0
2964	40	24	36	0
2965	30	26	36	0
2966	40	26	36	0
2967	30	28	36	0
2968	40	28	36	0
2969	30	30	36	0
2970	40	30	36	0
2971	30	32	36	0
2972	40	32	36	0
2973	30	34	36	0
2974	40	34	36	0
2975	30	36	36	0
2976	40	36	36	0
2977	30	38	36	0
2978	40	38	36	0
2979	30	40	36	0
2980	40	40	36	0
2981	30	22	34	0
2982	40	22	34	0
2983	30	24	34	0
2984	40	24	34	0
2985	30	26	34	0
2986	40	26	34	0
2987	30	28	34	0
2988	40	28	34	0
2989	30	30	34	0
2990	40	30	34	0
2991	30	32	34	0
2992	40	32	34	0
2993	30	34	34	0
2994	40	34	34	0
2995	30	36	34	0
2996	40	36	34	0
2997	30	38	34	0
2998	40	38	34	0
2999	30	40	34	0
3000	40	40	34	0
3001	30	22	32	0
3002	40	22	32	0
3003	30	24	32	0
3004	40	24	32	0
3005	30	26	32	0
3006	40	26	32	0
3007	30	28	32	0
3008	40	28	32	0
3009	30	30	32	0
3010	40	30	32	0
3011	30	32	32	0
3012	40	32	32	0
3013	30	34	32	0
3014	40	34	32	0
3015	30	36	32	0
3016	40	36	32	0
3017	30	38	32	0
3018	40	38	32	0
3019	30	40	32	0
3020	40	40	32	0
3021	30	22	30	0
3022	40	22	30	0
3023	30	24	30	0
3024	40	24	30	0
3025	30	26	30	0
3026	40	26	30	0
3027	30	28	30	0
3028	40	28	30	0
3029	30	30	30	0
3030	40	30	30	0
3031	30	32	30	0
3032	40	32	30	0
3033	30	34	30	0
3034	40	34	30	0
3035	30	36	30	0
3036	40	36	30	0
3037	30	38	30	0
3038	40	38	30	0
3039	30	40	30	0
3040	40	40	30	0
3041	30	22	28	0
3042	40	22	28	0
3043	30	24	28	0
3044	40	24	28	0
3045	30	26	28	0
3046	40	26	28	0
3047	30	28	28	0
3048	40	28	28	0
3049	30	30	28	0
3050	40	30	28	0
3051	30	32	28	0
3052	40	32	28	0
3053	30	34	28	0
3054	40	34	28	0
3055	30	36	28	0
3056	40	36	28	0
3057	30	38	28	0
3058	40	38	28	0
3059	30	40	28	0
3060	40	40	28	0
3061	30	22	26	0
3062	40	22	26	0
3063	30	24	26	0
3064	40	24	26	0
3065	30	26	26	0
3066	40	26	26	0
3067	30	28	26	0
3068	40	28	26	0
3069	30	30	26	0
3070	40	30	26	0
3071	30	32	26	0
3072	40	32	26	0
3073	30	34	26	0
3074	40	34	26	0
3075	30	36	26	0
3076	40	36	26	0
3077	30	38	26	0
3078	40	38	26	0
3079	30	40	26	0
3080	40	40	26	0
3081	30	22	24	0
3082	40	22	24	0
3083	30	24	24	0
3084	40	24	24	0
3085	30	26	24	0
3086	40	26	24	0
3087	30	28	24	0
3088	40	28	24	0
3089	30	30	24	0
3090	40	30	24	0
3091	30	32	24	0
3092	40	32	24	0
3093	30	34	24	0
3094	40	34	24	0
3095	30	36	24	0
3096	40	36	24	0
3097	30	38	24	0
3098	40	38	24	0
3099	30	40	24	0
3100	40	40	24	0
3101	30	22	22	0
3102	40	22	22	0
3103	30	24	22	0
3104	40	24	22	0
3105	30	26	22	0
3106	40	26	22	0
3107	30	28	22	0
3108	40	28	22	0
3109	30	30	22	0
3110	40	30	22	0
3111	30	32	22	0
3112	40	32	22	0
3113	30	34	22	0
3114	40	34	22	0
3115	30	36	22	0
3116	40	36	22	0
3117	30	38	22	0
3118	40	38	22	0
3119	30	40	22	0
3120	40	40	22	0
3121	0	50	50	0
3122	2	50	50	0
3123	4	50	50	0
3124	6	50	50	0
3125	8	50	50	0
3126	10	50	50	0
3127	12	50	50	0
3128	14	50	50	0
3129	16	50	50	0
3130	18	50	50	0
3131	20	50	50	0
3132	0	60	50	0
3133	2	60	50	0
3134	4	60	50	0
3135	6	60	50	0
3136	8	60	50	0
3137	10	60	50	0
3138	12	60	50	0
3139	14	60	50	0
3140	16	60	50	0
3141	18	60	50	0
3142	20	60	50	0
3143	0	50	48	0
3144	2	50	48	0
3145	4	50	48	0
3146	6.00000000000001	50	47.9999999999999	0
3147	8.00000000000001	50	48	0
3148	9.99999999999999	50	48	0
3149	12	50	48	0
3150	14	50	48	0
3151	16	50	48	0
3152	18	50	48	0
3153	20	50	48	0
3154	0	60	48	0
3155	2	60	48	0
3156	4	60	48	0
3157	6	60	48	0
3158	8	60	48	0
3159	9.99999999999999	60	48	0
3160	12	60	48.0000000000001	0
3161	14	60	48	0
3162	16	60	48.0000000000001	0
3163	18	60	48	0
3164	20	60	48	0
3165	0	50	46	0
3166	2	50	45.9999999999999	0
3167	4	50	46	0
3168	6	50	46	0
3169	8.00000000000001	50	46.0000000000001	0
3170	10	50	46	0
3171	12	50	46	0
3172	14	50	46	0
3173	16	50	46	0
3174	18	50	46	0
3175	20	50	46	0
3176	0	60	46	0
3177	2	60	46	0
3178	4	60	45.9999999999999	0
3179	6	60	46	0
3180	8	60	46	0
3181	10	60	46	0
3182	12	60	46	0
3183	14	60	46	0
3184	16	60	46	0
3185	18	60	46	0
3186	20	60	46	0
3187	0	50	44	0
3188	2	50	44	0
3189	4	50	44	0
3190	6	50	44.0000000000001	0
3191	8.00000000000001	50	44	0
3192	10	50	44	0
3193	12	50	44	0
3194	14	50	44	0
3195	16	50	44	0
3196	18	50	44	0
3197	20	50	44	0
3198	0	60	44	0
3199	2	60	44	0
3200	4	60	44	0
3201	6	60	44	0
3202	8	60	44	0
3203	10	60	44	0
3204	12	60	44	0
3205	14	60	44	0
3206	16	60	44	0
3207	18	60	44	0
3208	20	60	44	0
3209	0	50	42	0
3210	2	50	42	0
3211	4	50	42	0
3212	6.00000000000001	50	42	0
3213	8.00000000000001	50	42	0
3214	10	50	42	0
3215	12	50	42	0
3216	14	50	42	0
3217	16	50	42	0
3218	18	50	42	0
3219	20	50	42	0
3220	0	60	42	0
3221	2	60	42	0
3222	4	60	42	0
3223	6	60	42	0
3224	8	60	42	0
3225	9.99999999999999	60	42	0
3226	12	60	42	0
3227	14	60	42	0
3228	16	60	42	0
3229	18	60	42	0
3230	20	60	42	0
3231	0	50	40	0
3232	2	50	40	0
3233	4.00000000000001	50	40	0
3234	6.00000000000001	50	40	0
3235	8.00000000000002	50	40	0
3236	10	50	40	0
3237	12	50	40	0
3238	14	50	40	0
3239	16	50	40	0
3240	18	50	40	0
3241	20	50	40	0
3242	0	60	40	0
3243	2	60	40	0
3244	4	60	40	0
3245	6	60	40	0
3246	8	60	40	0
3247	10	60	40	0
3248	12	60	40	0
3249	14	60	40	0
3250	16	60	40	0
3251	18	60	40	0
3252	20	60	40	0
3253	0	50	38	0
3254	2	50	38	0
3255	4	50	38	0
3256	6	50	38	0
3257	8.00000000000001	50	38	0
3258	10	50	38	0
3259	12	50	38	0
3260	14	50	38	0
3261	16	50	38	0
3262	18	50	38	0
3263	20	50	38	0
3264	0	60	38	0
3265	2	60	38	0
3266	4	60	38	0
3267	6	60	38	0
3268	8	60	38	0
3269	10	60	38	0
3270	12	60	38	0
3271	14	60	38	0
3272	16	60	38	0
3273	18	60	38	0
3274	20	60	38	0
3275	0	50	36	0
3276	2	50	36	0
3277	4	50	36	0
3278	6	50	36	0
3279	8.00000000000001	50	36	0
3280	9.99999999999999	50	36	0
3281	12	50	36	0
3282	14	50	36	0
3283	16	50	36	0
3284	18	50	36	0
3285	20	50	36	0
3286	0	60	36	0
3287	2	60	36	0
3288	4	60	36	0
3289	6	60	36	0
3290	8	60	36	0
3291	9.99999999999999	60	36	0
3292	12	60	36	0
3293	14	60	36	0
3294	16	60	36	0
3295	18	60	36	0
3296	20	60	36	0
3297	0	50	34	0
3298	2	50	34	0
3299	4	50	34	0
3300	6.00000000000001	50	34	0
3301	8.00000000000001	50	34	0
3302	10	50	34	0
3303	12	50	34	0
3304	14	50	34	0
3305	16	50	34	0
3306	18	50	34	0
3307	20	50	34	0
3308	0	60	34	0
3309	2	60	34	0
3310	4	60	34	0
3311	6	60	34	0
3312	8	60	34	0
3313	10	60	34	0
3314	12	60	34	0
3315	14	60	34	0
3316	16	60	34	0
3317	18	60	34	0
3318	20	60	34	0
3319	0	50	32	0
3320	2	50	32	0
3321	4	50	32	0
3322	6.00000000000001	50	32	0
3323	8	50	32	0
3324	10	50	32	0
3325	12	50	32	0
3326	14	50	32	0
3327	16	50	32	0
3328	18	50	32	0
3329	20	50	32	0
3330	0	60	32	0
3331	2	60	32	0
3332	4	60	32	0
3333	6	60	32	0
3334	8	60	32	0
3335	10	60	32	0
3336	12	60	32	0
3337	14	60	32	0
3338	16	60	32	0
3339	18	60	32	0
3340	20	60	32	0
3341	0	50	30	0
3342	2	50	30	0
3343	4	50	30	0
3344	6.00000000000001	50	30	0
3345	8.00000000000001	50	30	0
3346	10	50	30	0
3347	12	50	30	0
3348	14	50	30	0
3349	16	50	30	0
3350	18	50	30	0
3351	20	50	30	0
3352	0	60	30	0
3353	2	60	30	0
3354	4	60	30	0
3355	6	60	30	0
3356	8	60	30	0
3357	10	60	30	0
3358	12	60	30	0
3359	14	60	30	0
3360	16	60	30	0
3361	18	60	30	0
3362	20	60	30	0
3363	0	50	28	0
3364	2	50	28	0
3365	4.00000000000001	50	28	0
3366	6	50	28	0
3367	8.00000000000001	50	28	0
3368	10	50	28	0
3369	12	50	28	0
3370	14	50	28	0
3371	16	50	28	0
3372	18	50	28	0
3373	20	50	28	0
3374	0	60	28	0
3375	2	60	28	0
3376	4	60	28	0
3377	6	60	28	0
3378	8	60	28	0
3379	10	60	28	0
3380	12	60	28	0
3381	14	60	28	0
3382	16	60	28	0
3383	18	60	28	0
3384	20	60	28	0
3385	0	50	26	0
3386	2	50	26	0
3387	4	50	26	0
3388	6.00000000000001	50	26	0
3389	8.00000000000001	50	26	0
3390	10	50	26	0
3391	12	50	26	0
3392	14	50	26	0
3393	16	50	26	0
3394	18	50	26	0
3395	20	50	26	0
3396	0	60	26	0
3397	2	60	26	0
3398	4	60	26	0
3399	6	60	26	0
3400	8	60	26	0
3401	10	60	26	0
3402	12	60	26	0
3403	14	60	26	0
3404	16	60	26	0
3405	18	60	26	0
3406	20	60	26	0
3407	0	50	24	0
3408	2	50	24	0
3409	4	50	24	0
3410	6.00000000000001	50	24	0
3411	8	50	24	0
3412	10	50	24	0
3413	12	50	24	0
3414	14	50	24	0
3415	16	50	24	0
3416	18	50	24	0
3417	20	50	24	0
3418	0	60	24	0
3419	2	60	24	0
3420	4	60	24	0
3421	6	60	24	0
3422	8	60	24	0
3423	10	60	24	0
3424	12	60	24	0
3425	14	60	24	0
3426	16	60	24	0
3427	18	60	24	0
3428	20	60	24	0
3429	0	50	22	0
3430	2	50	22	0
3431	4	50	22	0
3432	6.00000000000001	50	22	0
3433	8.00000000000001	50	22	0
3434	9.99999999999999	50	22	0
3435	12	50	22	0
3436	14	50	22	0
3437	16	50	22	0
3438	18	50	22	0
3439	20	50	22	0
3440	0	60	22	0
3441	2	60	22	0
3442	4	60	22	0
3443	6	60	22	0
3444	8	60	22	0
3445	10	60	22	0
3446	12	60	22	0
3447	14	60	22	0
3448	16	60	22	0
3449	18	60	22	0
3450	20	60	22	0
3451	30	50	50	0
3452	40	50	50	0
3453	30	60	50	0
3454	40	60	50	0
3455	30	50	48	0
3456	40	50	48	0
3457	30	60	48	0
3458	40	60	48	0
3459	30	50	46	0
3460	40	50	46	0
3461	30	60	46	0
3462	40	60	46	0
3463	30	50	44	0
3464	40	50	44	0
3465	30	60	44	0
3466	40	60	44	0
3467	30	50	42	0
3468	40	50	42	0
3469	30	60	42	0
3470	40	60	42	0
3471	30	50	40	0
3472	40	50	40	0
3473	30	60	40	0
3474	40	60	40	0
3475	30	50	38	0
3476	40	50	38	0
3477	30	60	38	0
3478	40	60	38	0
3479	30	50	36	0
3480	40	50	36	0
3481	30	60	36	0
3482	40	60	36	0
3483	30	50	34	0
3484	40	50	34	0
3485	30	60	34	0
3486	40	60	34	0
3487	30	50	32	0
3488	40	50	32	0
3489	30	60	32	0
3490	40	60	32	0
3491	30	50	30	0
3492	40	50	30	0
3493	30	60	30	0
3494	40	60	30	0
3495	30	50	28	0
3496	40	50	28	0
3497	30	60	28	0
3498	40	60	28	0
3499	30	50	26	0
3500	40	50	26	0
3501	30	60	26	0
3502	40	60	26	0
3503	30	50	24	0
3504	40	50	24	0
3505	30	60	24	0
3506	40	60	24	0
3507	30	50	22	0
3508	40	50	22	0
3509	30	60	22	0
3510	40	60	22	0
3511	0	0	70	0
3512	2	0	70	0
3513	4	0	70	0
3514	6	0	70	0
3515	8	0	70	0
3516	10	0	70	0
3517	12	0	70	0
3518	14	0	70	0
3519	16	0	70	0
3520	18	0	70	0
3521	20	0	70	0
3522	0	10	70	0
3523	2	10	70	0
3524	4	10	70	0
3525	6	10	70	0
3526	8	10	70	0
3527	10	10	70	0
3528	12	10	70	0
3529	14	10	70	0
3530	16	10	70	0
3531	18	10	70	0
3532	20	10	70	0
3533	0	20	70	0
3534	2	20	70	0
3535	4	20	70	0
3536	6	20	70	0
3537	8	20	70	0
3538	10	20	70	0
3539	12	20	70	0
3540	14	20	70	0
3541	16	20	70	0
3542	18	20	70	0
3543	20	20	70	0
3544	0	0	60	0
3545	2	0	60	0
3546	4	0	60	0
3547	6	0	60	0
3548	8	0	60	0
3549	10	0	60	0
3550	12	0	60	0
3551	14	0	60	0
3552	16	0	60	0
3553	18	0	60	0
3554	20	0	60	0
3555	0	10	60	0
3556	2	10	60	0
3557	4.00000000000001	10	60	0
3558	6.00000000000001	10	60	0
3559	8.00000000000001	10	60	0
3560	10	10	60	0
3561	12	10	60	0
3562	14	10	60	0
3563	16	10	60	0
3564	18	10	60	0
3565	20	10	60	0
3566	0	20	60	0
3567	2	20	60	0
3568	4	20	60	0
3569	6	20	60	0
3570	8	20	60	0
3571	10	20	60	0
3572	12	20	60	0
3573	14	20	60	0
3574	16	20	60	0
3575	18	20	60	0
3576	20	20	60	0
3577	30	0	70	0
3578	40	0	70	0
3579	30	10	70	0
3580	40	10	70	0
3581	30	20	70	0
3582	40	20	70	0
3583	30	0	60	0
3584	40	0	60	0
3585	30	10	60	0
3586	40	10	60	0
3587	30	20	60	0
3588	40	20	60	0
3589	0	22	70	0
3590	2	22	70	0
3591	4	22	70	0
3592	6	22	70	0
3593	8	22	70	0
3594	10	22	70	0
3595	12	22	70	0
3596	14	22	70	0
3597	16	22	70	0
3598	18	22	70	0
3599	20	22	70	0
3600	0	24	70	0
3601	2	24	70	0
3602	4	24	70	0
3603	6	24	70	0
3604	8	24	70	0
3605	10	24	70	0
3606	12	24	70	0
3607	14	24	70	0
3608	16	24	70	0
3609	18	24	70	0
3610	20	24	70	0
3611	0	26	70	0
3612	2	26	70	0
3613	4	26	70	0
3614	6	26	70	0
3615	8	26	70	0
3616	10	26	70	0
3617	12	26	70	0
3618	14	26	70	0
3619	16	26	70	0
3620	18	26	70	0
3621	20	26	70	0
3622	0	28	70	0
3623	2	28	70	0
3624	4	28	70	0
3625	6	28	70	0
3626	8	28	70	0
3627	10	28	70	0
3628	12	28	70	0
3629	14	28	70	0
3630	16	28	70	0
3631	18	28	70	0
3632	20	28	70	0
3633	0	30	70	0
3634	2	30	70	0
3635	4	30	70	0
3636	6	30	70	0
3637	8	30	70	0
3638	10	30	70	0
3639	12	30	70	0
3640	14	30	70	0
3641	16	30	70	0
3642	18	30	70	0
3643	20	30	70	0
3644	0	32	70	0
3645	2	32	70	0
3646	4	32	70	0
3647	6	32	70	0
3648	8	32	70	0
3649	10	32	70	0
3650	12	32	70	0
3651	14	32	70	0
3652	16	32	70	0
3653	18	32	70	0
3654	20	32	70	0
3655	0	34	70	0
3656	2	34	70	0
3657	4	34	70	0
3658	6	34	70	0
3659	8	34	70	0
3660	10	34	70	0
3661	12	34	70	0
3662	14	34	70	0
3663	16	34	70	0
3664	18	34	70	0
3665	20	34	70	0
3666	0	36	70	0
3667	2	36	70	0
3668	4	36	70	0
3669	6	36	70	0
3670	8	36	70	0
3671	10	36	70	0
3672	12	36	70	0
3673	14	36	70	0
3674	16	36	70	0
3675	18	36	70	0
3676	20	36	70	0
3677	0	38	70	0
3678	2	38	70	0
3679	4	38	70	0
3680	6	38	70	0
3681	8	38	70	0
3682	10	38	70	0
3683	12	38	70	0
3684	14	38	70	0
3685	16	38	70	0
3686	18	38	70	0
3687	20	38	70	0
3688	0	40	70	0
3689	2	40	70	0
3690	4	40	70	0
3691	6	40	70	0
3692	8	40	70	0
3693	10	40	70	0
3694	12	40	70	0
3695	14	40	70	0
3696	16	40	70	0
3697	18	40	70	0
3698	20	40	70	0
3699	0	22	60	0
3700	2	22	60	0
3701	4	22	60	0
3702	6	22	60	0
3703	8	22	60	0
3704	10	22	60	0
3705	12	22	60	0
3706	14	22	60	0
3707	16	22	60	0
3708	18	22	60	0
3709	20	22	60	0
3710	0	24	60	0
3711	2	24	60	0
3712	4	24	60	0
3713	6	24	60	0
3714	8	24	60	0
3715	10	24	60	0
3716	12	24	60	0
3717	14	24	60	0
3718	16	24	60	0
3719	18	24	60	0
3720	20	24	60	0
3721	0	26	60	0
3722	2	26	60	0
3723	4	26	60	0
3724	6.00000000000001	26	60	0
3725	8	26	60	0
3726	10	26	60	0
3727	12	26	60	0
3728	14	26	60	0
3729	16	26	60	0
3730	18	26	60	0
3731	20	26	60	0
3732	0	28	60	0
3733	2	28	60	0
3734	4	28	60	0
3735	6	28	60	0
3736	8	28	60	0
3737	10	28	60	0
3738	12	28	60	0
3739	14	28	60	0
3740	16	28	60	0
3741	18	28	60	0
3742	20	28	60	0
3743	0	30	60	0
3744	2	30	60	0
3745	4.00000000000001	30	60	0
3746	6.00000000000001	30	60	0
3747	8.00000000000001	30	60	0
3748	10	30	60	0
3749	12	30	60	0
3750	14	30	60	0
3751	16	30	60	0
3752	18	30	60	0
3753	20	30	60	0
3754	0	32	60	0
3755	2	32	60	0
3756	4.00000000000001	32	60	0
3757	6	32	60	0
3758	8.00000000000001	32	60	0
3759	10	32	60	0
3760	12	32	60	0
3761	14	32	60	0
3762	16	32	60	0
3763	18	32	60	0
3764	20	32	60	0
3765	0	34	60	0
3766	2	34	60	0
3767	4	34	60	0
3768	6	34	60	0
3769	8	34	60	0
3770	10	34	60	0
3771	12	34	60	0
3772	14	34	60	0
3773	16	34	60	0
3774	18	34	60	0
3775	20	34	60	0
3776	0	36	60	0
3777	2	36	60	0
3778	4	36	60	0
3779	6.00000000000001	36	60	0
3780	8	36	60	0
3781	10	36	60	0
3782	12	36	60	0
3783	14	36	60	0
3784	16	36	60	0
3785	18	36	60	0
3786	20	36	60	0
3787	0	38	60	0
3788	2	38	60	0
3789	4	38	60	0
3790	6.00000000000001	38	60	0
3791	8	38	60	0
3792	10	38	60	0
3793	12	38	60	0
3794	14	38	60	0
3795	16	38	60	0
3796	18	38	60	0
3797	20	38	60	0
3798	0	40	60	0
3799	2	40	60	0
3800	4	40	60	0
3801	6	40	60	0
3802	8	40	60	0
3803	10	40	60	0
3804	12	40	60	0
3805	14	40	60	0
3806	16	40	60	0
3807	18	40	60	0
3808	20	40	60	0
3809	30	22	70	0
3810	40	22	70	0
3811	30	24	70	0
3812	40	24	70	0
3813	30	26	70	0
3814	40	26	70	0
3815	30	28	70	0
3816	40	28	70	0
3817	30	30	70	0
3818	40	30	70	0
3819	30	32	70	0
3820	40	32	70	0
3821	30	34	70	0
3822	40	34	70	0
3823	30	36	70	0
3824	40	36	70	0
3825	30	38	70	0
3826	40	38	70	0
3827	30	40	70	0
3828	40	40	70	0
3829	30	22	60	0
3830	40	22	60	0
3831	30	24	60	0
3832	40	24	60	0
3833	30	26	60	0
3834	40	26	60	0
3835	30	28	60	0
3836	40	28	60	0
3837	30	30	60	0
3838	40	30	60	0
3839	30	32	60	0
3840	40	32	60	0
3841	30	34	60	0
3842	40	34	60	0
3843	30	36	60	0
3844	40	36	60	0
3845	30	38	60	0
3846	40	38	60	0
3847	30	40	60	0
3848	40	40	60	0
3849	0	50	70	0
3850	2	50	70	0
3851	4	50	70	0
3852	6	50	70	0
3853	8	50	70	0
3854	10	50	70	0
3855	12	50	70	0
3856	14	50	70	0
3857	16	50	70	0
3858	18	50	70	0
3859	20	50	70	0
3860	0	60	70	0
3861	2	60	70	0
3862	4	60	70	0
3863	6	60	70	0
3864	8	60	70	0
3865	10	60	70	0
3866	12	60	70	0
3867	14	60	70	0
3868	16	60	70	0
3869	18	60	70	0
3870	20	60	70	0
3871	0	50	60	0
3872	2	50	60	0
3873	4.00000000000001	50	60	0
3874	6.00000000000001	50	60	0
3875	8.00000000000001	50	60	0
3876	10	50	60	0
3877	12	50	60	0
3878	14	50	60	0
3879	16	50	60	0
3880	18	50	60	0
3881	20	50	60	0
3882	0	60	60	0
3883	2	60	60	0
3884	4	60	60	0
3885	6	60	60	0
3886	8	60	60	0
3887	10	60	60	0
3888	12	60	60	0
3889	14	60	60	0
3890	16	60	60	0
3891	18	60	60	0
3892	20	60	60	0
3893	30	50	70	0
3894	40	50	70	0
3895	30	60	70	0
3896	40	60	70	0
3897	30	50	60	0
3898	40	50	60	0
3899	30	60	60	0
3900	40	60	60	0
