8219.583853
8225.167705
8230.751558
8236.335410
8241.919262
8247.503114
8258.670818
8281.006223
8325.677026
8415.018599
8593.701617
8951.067140
9665.796132
10380.515456
11710.072996
13131.781717
13137.931437
12532.967314
12550.203643
12574.381220
12597.579206
12595.845434
12578.676552
12555.352145
12500.121844
12447.839544
12400.107480
12319.747283
12252.664040
12195.566661
12107.619981
12036.771034
11977.507679
11887.301977
11814.462512
11752.492744
11653.334697
11568.252870
11421.316455
11286.122182
11223.792959
11113.970393
11035.653620
10997.840725
11018.143395
11072.614137
11121.872018
11161.154905
11191.954768
11220.147797
11247.541662
11274.619567
11303.949503
11357.177861
11377.387652
11394.175823
11406.015170
11407.148112
11388.568557
11347.371150
11296.860132
11258.995274
11242.670852
11243.869812
11279.393104
11458.311349
11506.377484
11829.486080
12841.328430
11889.035932
11876.092888
11784.960273
12143.547808
11514.222039
11509.518573
11550.749780
11297.939699
11197.894977
11249.581585
11074.108987
11148.464665
11124.738444
11119.846982
11181.975058
11200.800941
11173.381013
11162.319608
11139.101766
11095.525362
11087.447901
11038.694877
11052.988939
11066.796262
11055.627118
11043.155634
11070.964556
11085.671936
11063.085127
11057.445153
11082.179231
11038.713068
11048.935446
11058.054308
11079.282478
11062.885107
11065.841169
11025.261703
11040.953357
11024.027216
11030.509458
11015.436715
10992.849693
11005.703710
10999.123927
10992.250149
10976.228227
10978.751694
10966.882771
10850.586769
10775.094753
10711.977992
10659.423568
10516.772797
10161.324024
9923.878988
9770.387961
9671.949559
9609.081686
9568.970279
9543.332132
9526.868939
9516.213104
9509.231963
9504.577325
9501.397256
9499.153003
9497.503229
9496.231007
9495.197856
9494.314815
9493.524255
9492.788425
9492.082247
9491.388771
9490.696303
9489.996589
9489.283657
9488.553084
9487.801518
9487.026368
9486.225607
9485.397629
9484.541159
9483.655192
9482.738939
9481.791795
9480.813315
9479.803187
9478.761221
9477.687328
9476.581515
9475.443867
9474.274544
9473.073769
9471.841825
9470.579043
9469.285802
9467.962520
9466.609652
9465.227684
9463.817130
9462.378531
9460.912445
9459.419454
9457.900154
9456.355153
9454.785076
9453.190553
9451.572225
9449.930738
9448.266745
9446.580899
9444.873860
9443.146286
9441.398835
9439.632165
9437.846933
9436.043791
9434.223390
9432.386373
9430.533383
9428.665054
9426.782014
9424.884887
9422.974286
9421.050821
9419.115090
9417.167686
9415.209191
9413.240181
9411.261220
9409.272865
9407.275661
9405.270148
9403.256851
9401.236288
9399.208967
9397.175386
9395.136031
9393.091382
9391.041904
9388.988056
9386.930284
9384.869025
9382.804707
9380.737746
9378.668549
9376.597514
9374.525029
9372.451470
9370.377205
9368.302594
9366.227985
9364.153717
9362.080123
9360.007522
9357.936227
9355.866542
9353.798763
9351.733174
9349.670055
9347.609675
9345.552295
9343.498168
9341.447541
9339.400651
9337.357729
9335.318997
9333.284670
9331.254957
9329.230060
9327.210173
9325.195483
9323.186172
9321.182414
9319.184378
9317.192226
9315.206114
9313.226193
9311.252606
9309.285494
9307.324989
9305.371220
9303.424309
9301.484374
9299.551527
9297.625878
9295.707528
9293.796577
9291.893118
9289.997241
9288.109031
9286.228570
9284.355935
9282.491199
9280.634431
9278.785697
9276.945059
9273.589343
9270.808334
9268.391382
9266.199545
9264.148066
