8214.558545
8215.117090
8215.675635
8216.234180
8216.792725
8217.351269
8218.468358
8220.702536
8225.170893
8234.107606
8251.981030
8287.727873
8359.221539
8502.208789
8788.182958
9360.129974
10504.335098
12791.738671
15487.387446
12989.694163
13227.455556
13190.647004
13062.603892
12809.827543
12614.939563
12342.708588
12148.586912
11902.525235
11734.432088
11536.485516
11347.052042
11231.828042
11187.628213
11186.177737
11204.376245
11244.976058
11292.762104
11335.899822
11361.156636
11380.801294
11350.595884
11288.268992
11251.208385
11251.581272
11273.886661
11392.363158
11772.850053
12001.637040
12896.830460
11464.404412
11474.699954
11594.751422
11862.848752
11350.224919
11405.651136
11440.773979
11260.384418
11179.391610
11137.087857
11146.846273
11162.201894
11101.092726
11102.889342
11016.651128
11006.110419
11016.431900
10996.397067
10962.834274
10933.513177
10921.177060
10908.638053
10884.502422
10866.356402
10853.486212
10821.288527
10799.452971
10787.519177
10772.877133
10759.408318
10750.205889
10737.447765
10730.092540
10723.467006
10720.521943
10717.250663
10716.612805
10716.944156
10716.197773
10719.570313
10714.366085
10714.163939
10715.417689
10715.979532
10714.112731
10718.988892
10717.426793
10717.159776
10716.546843
10718.588063
10719.388212
10719.189027
10719.371284
10716.350674
10722.264995
10722.565473
10721.282813
10719.765500
10722.644478
10723.398131
10723.533598
10722.622202
10723.487591
10723.633371
10723.713947
10723.776385
10721.167101
10725.364101
10726.047691
10725.811689
10723.399680
10724.093992
10724.052698
10723.835235
10723.375948
10722.990610
10722.880552
10722.675266
10722.300692
10721.432169
10722.043866
10721.755292
10721.442220
10720.879043
10720.988299
10720.705863
10720.401401
10719.892758
10709.484890
10730.016098
10717.882403
10716.321236
10715.585878
10714.939355
10711.454816
10707.433652
10711.154312
10712.807174
10710.627890
10710.219912
10711.008837
10711.075684
10711.026312
10711.099134
10714.259641
10711.741207
10711.194930
10711.744868
10710.777376
10712.197886
10711.610678
10711.456150
10711.432286
10711.706037
10711.585034
10711.565062
10711.684826
10710.787908
10711.922750
10712.237819
10712.495272
10711.320524
10712.442039
10712.448270
10712.302318
10711.925054
10704.479606
10712.389122
10715.262751
10715.397279
10714.757912
10711.002432
10714.271071
10713.813901
10713.313629
10712.553814
10713.591885
10713.441702
10713.266578
10712.926262
10713.313929
10714.465664
10714.133327
10713.943925
10713.537181
10713.564126
10714.608910
10714.034503
10713.697195
10713.311297
10713.371307
10715.193872
10714.730201
10714.178967
10713.255804
10712.227451
10713.679848
10713.348559
10713.042719
10712.461971
10712.576762
10713.725880
10712.995944
10712.528730
10712.824405
10713.403633
10713.003025
10712.754819
10712.333140
10712.912452
10714.323513
10713.943907
10713.631178
10712.963584
10712.452707
10657.871908
10631.668133
10620.158223
10612.760474
10580.028141
10558.646652
10568.722710
10561.778851
10554.032935
10544.469710
10534.233586
10528.108420
10522.741473
10518.016506
10513.805024
10510.026673
10506.622899
10503.539854
10500.738780
10497.969013
10495.573888
10487.985977
10484.220984
10480.300774
10476.602608
10473.145932
10469.922365
10466.913976
10464.100674
10461.462594
10458.982727
10456.645497
10454.433228
10452.340972
10450.355313
10448.466787
10446.667376
10444.950003
10443.308462
10441.737177
10440.231117
10438.785741
10437.396952
10436.061035
10434.774618
10433.534625
10432.338221
10431.182860
10430.066193
10428.986019
10427.940323
10426.927249
10425.945080
10424.992218
10424.067184
10423.168603
10422.295194
10421.445765
10420.619201
10419.814459
10419.030564
10418.266601
10417.521710
10416.795083
10416.085961
10415.393628
10414.717408
10414.056664
10413.410796
10412.779232
10412.161468
10411.556912
10410.965107
10410.385601
10409.817963
10409.261782
10408.716666
10408.182241
10407.658151
10407.144053
10406.639623
10406.144550
10405.658537
10405.181300
10404.712567
10404.252078
10403.799583
10403.352558
10402.915204
10402.485013
10402.061625
10401.644793
10401.234341
10400.830125
10400.432019
10400.039904
10399.653663
10399.273180
10398.898336
10398.528918
10398.164996
10397.806362
10397.452891
10397.104462
10396.760960
10396.422272
10396.088287
10395.758897
10395.433997
10395.113485
10394.797259
10394.485222
10394.177276
10393.862014
10393.553403
10393.248873
10392.948554
10392.652514
10392.360753
10392.073212
10391.789800
10391.510405
10391.234909
10390.963188
10390.695122
10390.430590
10390.169479
10389.911681
10389.657090
10389.405610
10389.157145
10388.911608
10388.668915
10388.428984
10388.191741
10387.957113
10387.725031
10387.495428
10387.268242
10387.043413
10386.820882
10386.602599
10386.392200
10386.186808
10385.985147
10385.786393
10385.590000
10385.395593
10385.202916
10385.011868
10384.822408
10384.634300
10384.447471
10384.261870
10381.251059
10378.301709
10375.452196
10372.720479
10370.113622
