8214.558703
8215.117406
8215.676109
8216.234812
8216.793515
8217.352218
8218.469623
8220.704435
8225.174059
8234.113305
8251.991796
8287.748774
8359.262708
8502.290494
8788.430995
9357.039485
10487.374858
11161.345852
10212.564581
11107.291580
10641.977614
10445.063152
10346.011136
10169.176952
10052.487513
10049.623376
9915.363946
9941.469891
9735.183522
9616.055330
9477.220087
9373.928545
9316.743785
9292.973592
9252.765525
9237.508112
9226.980250
9199.595380
9181.748232
9175.019373
9167.620745
9169.981394
9169.502069
9166.772028
9163.561711
9166.760328
9169.577197
9174.958888
9183.205143
9193.642360
9208.530588
9225.503470
9243.708294
9262.970652
9282.960877
9303.297269
9318.695639
9336.122661
9356.458393
9375.623764
9388.558908
9408.870473
9415.601175
9434.924029
9453.508047
9473.428821
9482.682919
9502.094111
9502.319001
9520.309522
9528.331622
9540.151149
9527.987130
9519.640903
9535.884224
9545.126381
9517.949263
9515.994603
9472.827098
9245.062212
9153.838108
9095.789966
8948.367865
8866.152936
8807.162936
8765.856582
8734.305608
8708.748369
8687.288425
8668.844888
8652.721267
8638.429029
8625.610840
8614.001150
8603.400906
8593.658921
8584.657875
8576.304195
8568.521137
8561.244275
8554.418567
8547.996490
8541.936849
8536.203777
8530.766033
8525.596437
8520.671310
8515.969965
8511.474344
8507.168636
8503.038925
8499.072918
8495.259710
8491.589578
8488.053816
8484.644581
8481.354767
8478.177904
8475.108069
8472.139809
8469.268084
8466.488216
8463.795843
8461.186887
8458.657526
8456.204161
8453.823406
8451.512059
8449.267095
8446.012871
8443.379473
8441.046816
8438.883151
8436.831640
