0.001000
0.002000
0.003000
0.004000
0.005000
0.006000
0.008000
0.012000
0.020000
0.036000
0.068000
0.132000
0.260000
0.516000
1.028000
2.052000
4.100000
6.148000
8.196000
10.244000
12.292000
14.340000
16.388000
18.436000
20.484000
22.532000
24.580000
26.628000
28.676000
28.880800
29.085600
29.290400
29.495200
29.700000
30.109600
30.519200
30.928800
31.748000
32.567200
34.205600
35.844000
37.482400
39.120800
40.759200
42.397600
44.036000
45.674400
47.312800
48.951200
50.589600
52.228000
53.866400
55.504800
57.143200
58.781600
60.420000
62.058400
63.696800
65.335200
66.973600
68.612000
70.250400
71.888800
73.527200
75.165600
76.804000
78.442400
80.080800
81.719200
83.357600
84.996000
86.634400
88.272800
89.911200
91.549600
93.188000
94.826400
96.000000
98.000000
100.000000
102.000000
104.000000
106.000000
108.000000
110.000000
112.000000
114.000000
116.000000
118.000000
120.000000
122.000000
124.000000
126.000000
128.000000
130.000000
132.000000
134.000000
136.000000
138.000000
140.000000
142.000000
144.000000
146.000000
148.000000
150.000000
152.000000
154.000000
156.000000
158.000000
160.000000
162.000000
164.000000
166.000000
168.000000
170.000000
172.000000
174.000000
176.000000
178.000000
180.000000
182.000000
184.000000
186.000000
188.000000
190.000000
192.000000
194.000000
196.000000
198.000000
200.000000
202.000000
204.000000
206.000000
208.000000
