8214.558703
8215.117406
8215.676109
8216.234812
8216.793515
8217.352218
8218.469623
8220.704435
8225.174059
8234.113305
8251.991796
8287.748774
8359.262708
8502.290494
8788.430995
9357.039485
10487.374858
11161.345852
10212.564581
11107.291580
10641.977614
10445.063152
10346.011136
10169.176952
10052.487513
10049.623376
9915.363946
9941.469891
9735.183522
9616.055330
9477.220087
9373.928545
9316.743785
9292.973592
9252.765525
9237.508112
9226.980250
9199.595380
9181.748232
9175.019373
9167.620745
9169.981394
9169.502069
9166.772028
9163.561711
9166.760328
9169.577197
9174.958888
9183.205143
9193.642360
9208.530588
9225.503470
9243.708294
9262.970652
9282.960877
9303.297269
9318.695639
9336.122661
9356.458393
9375.623764
9388.558908
9408.870473
9415.601175
9434.924029
9453.508047
9473.428821
9482.682919
9502.094111
9502.319001
9520.309522
9528.331622
9540.151149
9527.987130
9519.640903
9535.884224
9545.126381
9517.949263
9515.994603
9472.827098
9209.540959
9047.116071
8847.007466
8754.192458
8697.580688
8657.181327
8626.007569
8600.809232
8579.793738
8561.860706
8546.286154
8532.571355
8520.360844
8509.393597
8499.472756
8490.445842
8482.191771
8474.612187
8467.625603
8461.163405
8455.167070
8449.586191
8444.377023
8439.501392
8434.925840
8430.620951
8426.560790
8422.722443
8419.085626
8415.632354
8412.346652
8409.214306
8406.222651
8403.360373
8400.617363
8397.984566
8395.453867
8393.017954
8390.670238
8388.404767
8386.216151
8384.099505
8382.050396
8380.064796
8378.139035
8376.269763
8374.453918
8372.688691
8370.971501
8370.971500
8369.299968
8367.671910
8366.085296
8364.538249
8363.029027
8361.556007
8360.117682
8358.712640
8357.339565
8355.997221
8354.684450
8353.400164
8352.143337
8350.913002
8349.708249
8348.528213
8347.372079
8346.239071
8345.128455
8344.039532
8342.971636
8341.924134
8340.896421
8339.887921
8338.898080
8337.926373
8336.972292
8336.035354
8335.115093
8334.211063
8333.322835
8332.449996
8331.592149
8330.748912
8329.919915
8329.104804
8328.303235
8327.514877
8326.739411
8325.976525
8325.225923
8324.487314
8323.760417
8323.044962
8322.340686
8321.647334
8320.964658
8320.292419
8319.630385
8318.978330
8318.336034
8317.703284
8317.079874
8316.465603
8315.860274
8315.263699
8314.675691
8314.096072
8313.524665
8312.961301
8312.405814
8311.858042
8311.317828
8310.785019
8310.259464
8309.741019
8309.229542
8308.724894
8308.226940
8307.735550
8307.250594
8306.771948
8306.299489
8305.833099
8305.372660
8304.918061
8304.469189
8304.025937
8303.588199
8303.155872
8302.728855
8302.307050
8301.890362
8301.478695
8301.071958
8300.670063
8300.272920
8299.880445
8299.492553
8299.109164
8298.730196
8298.355573
8297.985216
8297.619053
8297.257009
8296.899012
8296.544994
8296.194885
8295.848619
8295.506129
8294.083564
8293.227429
8292.622615
8292.138411
8291.718843
