8214.558540
8215.117081
8215.675621
8216.234162
8216.792702
8217.351242
8218.468323
8220.702485
8225.170807
8234.107453
8251.980742
8287.727316
8359.220444
8502.357412
8788.463431
9361.054425
10509.393385
13401.093353
9521.616875
9888.323973
10633.417536
11165.633094
10594.248901
10384.394937
9950.115510
9963.190470
9719.978991
9680.844357
9603.935919
9591.931396
9539.316364
9532.571735
9494.242083
9458.394723
9411.250632
9362.432124
9329.156739
9292.940591
9267.977916
9240.927872
9222.805909
9203.792479
9192.428729
9180.697933
9176.857206
9170.606270
9169.342834
9166.269272
9163.732197
9161.406045
9158.046422
9156.280991
9154.499865
9155.410813
9154.887085
9156.993423
9162.178935
9168.732132
9179.239295
9191.138873
9204.156748
9218.081345
9232.221538
9244.582386
9259.703176
9275.059144
9283.273482
9297.016214
9308.748050
9318.279800
9332.529473
9346.367033
9353.055535
9366.212413
9370.722766
9369.023361
9370.426389
9381.556616
9388.681575
9389.431065
9386.772597
9377.501071
9368.148123
9378.489095
9381.660638
9379.610744
9382.970294
9373.223468
9376.248604
9361.171568
9360.466072
9357.056606
9354.120835
9333.320511
9319.995679
9318.555935
9317.434385
9310.898937
9309.069552
9299.345591
9297.725918
9297.148749
9296.084386
9294.525777
9292.020491
9285.193454
9283.783056
9281.339005
9280.860387
9280.135495
9272.568788
9271.095131
9265.944048
9265.187850
9264.879894
9263.077084
9261.826482
9259.906259
9255.712016
9254.648855
9253.510441
9252.022761
9248.055016
9246.876874
9243.971864
9242.780248
9241.454260
9240.465464
9239.085428
9235.185099
9234.456815
9234.234738
9234.112756
9233.857570
9232.762802
9231.909246
9230.846647
9229.862029
9229.083448
9227.971352
9225.952711
9225.466607
9225.270185
9225.113174
9224.719223
9223.826243
9223.100604
9222.634341
9221.744598
9220.780094
9219.752041
9218.541687
9217.742733
9217.394274
9217.212746
9217.050337
9216.287725
9215.673499
9215.307709
9215.064487
9214.877099
9214.724762
9214.598592
9214.480623
9214.137390
9213.597228
9213.179277
9212.901151
9212.671712
9211.019001
9210.314820
9209.981875
9209.781121
9209.647431
9209.556519
9209.494664
9209.452643
9209.424078
9209.404581
9209.391166
9209.381817
9209.375179
9209.370346
9209.366714
9209.363880
9209.361576
9209.359625
9209.357908
9209.356346
9209.354887
9209.353497
9209.352152
9209.350837
9209.349542
9209.348261
9209.346988
9209.345721
9209.344459
9209.343198
9209.341940
9209.340682
9209.339426
9209.338170
9209.336914
9209.335658
9209.334403
9209.333148
9209.331893
9209.330637
9209.329382
9209.328127
9209.326872
9209.325617
9209.324362
9209.323107
9209.321852
9209.320597
9209.319342
9209.318087
9209.316832
9209.315577
9209.314322
9209.313067
9209.311812
9209.310557
9209.309302
9209.308047
9209.306792
9209.305537
9209.304282
9209.303027
9209.301772
9209.300517
9209.299262
9209.298007
9209.296753
9209.295498
9209.294243
9209.292988
9209.291733
9209.290478
9209.289223
9209.287968
9209.284350
9209.281523
9209.278739
9209.275984
9209.273257
