8219.583812
8225.167624
8230.751436
8236.335248
8241.919059
8247.502871
8258.670493
8281.005736
8325.676214
8415.017138
8593.825860
8951.535880
9662.202369
10367.742536
10492.208202
9876.980367
9893.762821
9971.136775
9969.914554
9943.930002
9879.310266
9825.123375
9744.268423
9682.701561
9600.079761
9539.725355
9459.660351
9402.798356
9344.979219
9334.288144
9354.403496
9375.385131
9372.465944
9368.318328
9382.863072
9444.961243
9578.622864
9646.443893
9721.716239
9980.756841
10448.085937
10076.377889
10065.717423
10152.603351
10074.864838
9888.490934
9862.616426
9807.029638
9757.221498
9688.795686
9542.000092
9599.962858
9540.444548
9558.440465
9484.489318
9471.538090
9441.145340
9435.907477
9408.145135
9378.967570
9358.383933
9362.374390
9353.371746
9337.290503
9341.995275
9346.083320
9338.337556
9350.217784
9345.211112
9335.723424
9328.559952
9326.012496
9336.744502
9329.960763
9321.506576
9325.377320
9312.809974
9311.371732
9314.047117
9310.000376
9312.731687
9312.396432
9307.627695
9314.559446
9320.181841
9322.623694
9321.845924
9325.364936
9327.454690
9321.129211
9326.947492
9331.007441
9337.147330
9332.298976
9336.344418
9341.862916
9339.163462
9340.707728
9346.936688
9347.568570
9351.752229
9351.488011
9354.692749
9350.096611
9350.373357
9350.421428
9349.668638
9346.098735
9345.403621
9344.955591
9344.138313
9343.983657
9343.672301
9342.627234
9342.149816
9341.792378
9340.498727
9340.311089
9340.196456
9340.075752
9339.030099
9338.958742
9338.928381
9338.852305
9337.969221
9337.922236
9337.887135
9336.947758
9336.900494
9336.895729
9336.893047
9336.891043
9336.889476
9336.888213
9336.887167
9336.886281
9336.885514
9336.884836
9336.884224
9336.883663
9336.883140
9336.882646
9336.882174
9336.881719
9336.881276
9336.880843
9336.880417
9336.879996
9336.879580
9336.879166
9336.878755
9336.878346
9336.877938
9336.877532
9336.877126
9336.876720
9336.876315
9336.875911
9336.875506
9336.875102
9336.874698
9336.874294
9336.873891
9336.873487
9336.873083
9336.872680
9336.872276
9336.871872
9336.871469
9336.871065
9336.870662
9336.870258
9336.869855
9336.869451
9336.869047
9336.868644
9336.868240
9336.867837
9336.867433
9336.867030
9336.866626
9336.866223
9336.865819
9336.865416
9336.865012
9336.864609
9336.864205
9336.863802
9336.863398
9336.862995
9336.862591
9336.862188
9336.861784
9336.861381
9336.860977
9336.860574
9336.860170
9336.859767
9336.859363
9336.858960
9336.858556
9336.858153
9336.857749
9336.857346
9336.856942
9336.856539
9336.856135
9336.855732
9336.855328
9336.854925
9336.854521
9336.854118
9336.853714
9336.853311
9336.852907
9336.852504
9336.852101
9336.851697
9336.851294
9336.850890
9336.850487
9336.850083
9336.849680
9336.849276
9336.848873
9336.848469
9336.848066
9336.847662
9336.847259
9336.846855
9336.846452
9336.846049
9336.845645
9336.845242
9336.844838
9336.844435
9336.844031
9336.843628
9336.843224
9336.842821
9336.842418
9336.842014
9336.841611
9336.841207
9336.840804
9336.840400
9336.839997
9336.839593
9336.839190
9336.838787
9336.838383
9336.837980
9336.837576
9336.837173
9336.836769
9336.836366
9336.835963
9336.833824
9336.831867
9336.829938
9336.828038
9336.826165
