8214.558545
8215.117090
8215.675635
8216.234180
8216.792725
8217.351269
8218.468358
8220.702536
8225.170893
8234.107606
8251.981030
8287.727873
8359.221539
8502.208789
8788.182958
9360.129974
10504.335098
12791.738671
15487.387446
12989.694163
13227.455556
13190.647004
13062.603892
12809.827543
12614.939563
12342.708588
12148.586912
11902.525235
11734.432088
11536.485516
11347.052042
11231.828042
11187.628213
11186.177737
11204.376245
11244.976058
11292.762104
11335.899822
11361.156636
11380.801294
11350.595884
11288.268992
11251.208385
11251.581272
11273.886661
11392.363158
11772.850053
12001.637040
12896.830460
11464.404412
11474.699954
11594.751422
11862.848752
11350.224919
11405.651136
11440.773979
11260.384418
11179.391610
11137.087857
11146.846273
11162.201894
11101.092726
11102.889342
11016.651128
11006.110419
11016.431900
10996.397067
10962.834274
10933.513177
10921.177060
10908.638053
10884.502422
10866.356402
10853.486212
10821.288527
10799.452971
10787.519177
10772.877133
10759.408318
10750.205889
10737.447765
10730.092540
10723.467006
10720.521943
10717.250663
10716.612805
10716.944156
10716.197773
10719.570313
10714.366085
10714.163939
10715.417689
10715.979532
10714.112731
10718.988892
10717.426793
10717.159776
10716.546843
10718.588063
10719.388212
10719.189027
10719.371284
10716.350674
10722.264995
10722.565473
10721.282813
10719.765500
10722.644478
10723.398131
10723.533598
10722.622202
10723.487591
10723.633371
10723.713947
10723.776385
10721.167101
10725.364101
10726.047691
10725.811689
10723.399680
10724.093992
10724.052698
10723.835235
10723.375948
10722.990610
10722.880552
10722.675266
10722.300692
10721.432169
10722.043866
10721.755292
10721.442220
10720.879043
10720.988299
10720.705863
10720.401401
10719.892758
10709.484890
10730.016098
10717.882403
10716.321236
10715.585878
10714.939355
10711.454816
10707.433652
10711.154312
10712.807174
10710.627890
10710.219912
10711.008837
10711.075684
10711.026312
10711.099134
10714.259641
10711.741207
10711.194930
10711.744868
10710.777376
10712.197886
10711.610678
10711.456150
10711.432286
10711.706037
10711.585034
10711.565062
10711.684826
10710.787908
10711.922750
10712.237819
10712.495272
10711.320524
10712.442039
10712.448270
10712.302318
10711.925054
10704.479606
10712.389122
10715.262751
10715.397279
10714.757912
10711.002432
10714.271071
10713.813901
10713.313629
10712.553814
10713.591885
10713.441702
10713.266578
10712.926262
10713.313929
10714.465664
10714.133327
10713.943925
10713.537181
10713.564126
10714.608910
10714.034503
10713.697195
10713.311297
10713.371307
10715.193872
10714.730201
10714.178967
10713.255804
10712.227451
10713.679848
10713.348559
10713.042719
10712.461971
10712.576762
10713.725880
10712.995944
10712.528730
10712.824405
10713.403633
10713.003025
10712.754819
10712.333140
10712.912452
10714.323513
10713.943907
10713.631178
10712.963584
10712.452707
10657.871908
10631.668018
10620.157866
10612.759852
10580.024082
10558.647544
10568.712023
10561.767783
10554.021744
10544.445049
10534.184457
10528.063951
10522.693610
10517.963781
10513.746912
10509.963252
10506.554362
10503.466411
10500.660672
10497.879962
10495.482945
10487.716738
10483.997160
10480.060128
10476.349335
10472.882143
10469.648988
10466.631360
10463.808905
10461.161399
10458.672371
10456.323075
10454.103874
10452.001846
10450.006247
10448.107867
10446.298681
10444.571557
10442.920287
10441.339277
10439.823475
10438.368337
10436.969763
10435.624042
10434.327800
10433.077944
10431.871685
10430.706460
10429.579894
10428.489789
10427.434142
10426.411106
10425.418956
10424.456095
10423.521043
10422.612425
10421.728963
10420.869462
10420.032810
10419.217963
10418.423947
10417.649845
10416.894800
10416.158002
10415.438694
10414.736157
10414.049719
10413.378741
10412.722622
10412.080793
10411.452753
10410.837897
10410.235778
10409.645944
10409.067964
10408.501427
10407.945942
10407.401134
10406.866645
10406.342136
10405.827282
10405.321775
10404.825301
10404.337585
10403.856380
10403.384267
10402.921268
10402.465508
10402.016796
10401.574980
10401.139927
10400.711513
10400.289609
10399.874089
10399.464822
10399.061552
10398.664398
10398.273093
10397.887497
10397.507476
10397.132897
10396.763634
10396.399561
10396.040556
10395.686500
10395.337274
10394.992766
10394.645861
10394.302146
10393.962310
10393.626808
10393.295888
10392.969658
10392.648128
10392.331241
10392.018905
10391.711000
10391.407398
10391.107964
10390.812565
10390.521067
10390.233346
10389.949279
10389.668750
10389.391649
10389.117871
10388.847318
10388.579894
10388.315510
10388.054081
10387.795525
10387.539764
10387.286725
10387.039625
10386.803489
10386.572386
10386.344649
10386.119673
10385.897030
10385.676500
10385.457961
10385.241137
10385.025905
10384.812177
10384.599896
10384.389018
10384.179517
10383.971372
10383.764570
10383.559101
10383.354958
10383.152134
10382.950625
10382.750425
10379.724251
10376.758731
10373.889666
10371.133878
10368.497921
