8214.558540
8215.117081
8215.675621
8216.234162
8216.792702
8217.351242
8218.468323
8220.702485
8225.170807
8234.107453
8251.980742
8287.727316
8359.220444
8502.357412
8788.463431
9361.054425
10509.393385
13401.093353
9521.616875
9888.323973
10633.417536
11165.633094
10594.248901
10384.394937
9950.115510
9963.190470
9719.978991
9680.844357
9603.935919
9591.931396
9539.316364
9532.571735
9494.242083
9458.394723
9411.250632
9362.432124
9329.156739
9292.940591
9267.977916
9240.927872
9222.805909
9203.792479
9192.428729
9180.697933
9176.857206
9170.606270
9169.342834
9166.269271
9163.732197
9161.406045
9158.046422
9156.280991
9154.499865
9155.410813
9154.887085
9156.993423
9162.178935
9168.732132
9179.239295
9191.138873
9204.156748
9218.081345
9232.221538
9244.582386
9259.703177
9275.059144
9283.273482
9297.016214
9308.748050
9318.279801
9332.529473
9346.367033
9353.055535
9366.212413
9370.722766
9369.023361
9370.426389
9381.556616
9388.681575
9389.431065
9386.772597
9377.501071
9368.148123
9378.489095
9381.660638
9379.610744
9382.970294
9373.223468
9376.248604
9361.171568
9360.466072
9357.056606
9353.333567
9339.314175
9320.403399
9308.885793
9299.646250
9291.750814
9283.371668
9275.214880
9267.945126
9260.806256
9254.485228
9248.776074
9243.441516
9238.346433
9233.424324
9228.640603
9223.975424
9219.416014
9214.953320
9210.580604
9206.292651
9202.085334
9197.955457
9193.900501
9189.918518
9186.008065
9182.135059
9178.302838
9174.539067
9170.842697
9167.214780
9163.585513
9160.060326
9156.298553
9152.658253
9149.058435
9145.427330
9141.800329
9138.243469
9134.741715
9131.307413
9127.942915
9124.649637
9121.358245
9118.082219
9114.837795
9111.656607
9108.549847
9105.524438
9102.523048
9099.585698
9096.724718
9093.948752
9091.167611
9088.427027
9085.735167
9083.112389
9080.567223
9078.102221
9075.708248
9073.387918
9071.132872
9068.947434
9066.814786
9064.713797
9062.649653
9060.627823
9058.643541
9056.712346
9054.834612
9053.010197
9050.895877
9049.602300
9048.066296
9046.522512
9045.032130
9043.615789
9042.275848
9041.020596
9039.859598
9038.773947
9037.591890
9036.597265
9035.629324
9034.660083
9033.865725
9033.675104
9027.985351
9020.932242
9015.488093
9010.926014
9003.048000
8995.960506
8982.665270
8968.101613
8952.144729
8936.348893
8921.140209
8906.723294
8892.945527
8879.936886
8867.656765
8856.167764
8845.452418
8835.526250
