0.001000
0.002000
0.003000
0.004000
0.005000
0.006000
0.008000
0.012000
0.020000
0.036000
0.068000
0.132000
0.260000
0.516000
1.028000
2.052000
4.100000
6.148000
8.196000
10.244000
12.292000
14.340000
16.388000
18.436000
20.484000
22.532000
24.580000
26.628000
28.676000
30.724000
32.772000
32.792480
32.802720
32.812960
32.833440
32.874400
32.915360
32.997280
33.079200
33.243040
33.406880
33.734560
34.062240
34.717600
35.372960
36.683680
37.994400
39.305120
40.615840
41.926560
43.237280
44.548000
45.858720
47.169440
48.480160
49.790880
51.101600
52.412320
53.723040
55.033760
56.344480
57.655200
58.965920
60.276640
61.587360
62.898080
64.208800
65.519520
66.830240
68.140960
69.451680
70.762400
72.073120
73.383840
74.694560
76.005280
77.316000
78.626720
79.937440
81.248160
82.558880
83.869600
85.180320
86.491040
87.801760
89.112480
90.423200
91.733920
93.044640
94.355360
95.666080
96.000000
98.000000
98.200000
98.400000
98.600000
98.800000
99.000000
99.200000
99.400000
99.600000
99.800000
100.000000
100.200000
100.400000
100.600000
100.800000
101.000000
101.200000
101.400000
101.600000
101.800000
102.000000
102.200000
102.400000
102.600000
102.800000
103.000000
103.200000
103.400000
103.600000
103.800000
104.000000
104.200000
104.400000
104.600000
104.800000
105.000000
105.200000
105.400000
105.600000
105.800000
106.000000
106.200000
106.400000
106.600000
106.800000
107.000000
107.200000
107.400000
107.600000
107.800000
108.000000
108.200000
108.400000
108.600000
108.800000
109.000000
109.200000
109.400000
109.600000
109.800000
110.000000
110.200000
110.400000
110.600000
110.800000
111.000000
111.200000
111.400000
111.600000
111.800000
112.000000
112.200000
112.400000
112.600000
112.800000
113.000000
113.200000
113.400000
113.600000
113.800000
114.000000
114.200000
114.400000
114.600000
114.800000
115.000000
115.200000
115.400000
115.600000
115.800000
116.000000
116.400000
116.800000
117.600000
118.400000
119.200000
120.000000
120.800000
121.600000
122.400000
123.200000
124.000000
124.800000
125.600000
126.400000
