8214.558703
8215.117406
8215.676109
8216.234812
8216.793515
8217.352218
8218.469623
8220.704435
8225.174059
8234.113305
8251.991796
8287.748774
8359.262708
8502.290494
8788.430995
9357.039485
10487.374858
11161.345852
10212.564581
11107.291580
10641.977614
10445.063152
10346.011136
10169.176952
10052.487513
10049.623376
9915.363946
9941.469891
9735.183522
9708.973435
9584.058718
9549.330761
9519.290457
9514.284775
9487.396944
9497.517338
9480.239263
9504.389721
9489.405189
9475.008325
9453.409155
9433.268898
9423.954439
9426.800025
9407.215253
9405.127833
9378.326982
9379.418465
9387.174636
9383.790700
9379.060691
9378.487921
9371.941130
9369.843486
9378.952741
9378.019133
9359.079804
9361.050823
9370.095185
9362.868547
9363.172785
9353.684530
9352.654288
9323.340988
9299.673610
9277.459201
9260.236225
9244.353398
9229.283544
9215.245561
9203.997454
9190.940271
9180.399953
9170.061310
9160.720054
9152.012761
9143.700246
9135.477875
9127.105168
9118.553368
9110.159542
9100.637618
9090.685322
9081.166990
9072.905872
9065.532572
9054.520892
9035.918809
9020.226115
9004.485036
8983.497799
8963.006786
8944.372754
8927.504778
8912.285137
8898.673530
8886.511752
8875.630794
8865.853344
8856.987875
8848.127449
8839.241126
8830.777954
8822.863059
8815.267991
8808.128423
8801.420204
8795.100474
8789.125228
8783.446842
8778.026719
8772.833140
8767.840107
8763.027143
8758.377207
8753.876131
8749.512117
8745.275274
8741.156877
8737.150053
8733.248891
8729.448097
8725.743046
8722.129660
8718.604290
8715.163655
8711.804748
8708.524790
8705.321185
8702.191495
8699.133402
8696.144683
8693.223196
8690.366865
8687.573667
8684.841630
8682.168821
8679.553348
8676.993358
8674.487033
8672.032591
8669.628289
8667.272423
8664.963326
8662.699372
8660.478980
8658.300608
8656.162762
8654.063994
8652.002899
8649.978122
8647.988354
8646.032337
8644.108859
8642.216757
8640.354916
8638.522269
8636.717794
8634.940515
8633.189501
8631.463866
8629.762765
8628.085396
8626.430997
8624.798844
8623.188252
8621.598572
8620.029189
8618.479519
8616.949012
8615.437146
8613.943427
8612.467389
8611.008590
8609.566615
8608.141067
8606.731571
8605.337771
8603.959342
8602.595965
8601.247338
8599.913170
8598.593190
8597.287134
8595.994754
8594.715813
8593.450084
8592.197351
8590.957404
8589.730044
8588.515077
8587.312317
8586.121583
8584.942699
8583.775494
8582.619804
8581.475467
8580.342325
8579.220225
8578.109016
8577.008553
8575.918690
8574.839287
8573.770203
8572.711299
8571.662440
8570.623492
8569.594324
8568.574805
8567.564807
8566.564202
8565.572865
8564.590672
8561.737095
8559.294395
8557.184041
8555.335860
8553.692765
