8214.558703
8215.117406
8215.676109
8216.234812
8216.793515
8217.352218
8218.469623
8220.704435
8225.174059
8234.113305
8251.991796
8287.748774
8359.262708
8502.290494
8788.430995
9357.039485
10487.374858
11161.345852
10212.564581
11107.291580
10641.977614
10445.063152
10346.011136
10169.176952
10052.487513
10049.623376
9915.363946
9941.469891
9735.183522
9596.700974
9469.807896
9369.882748
9314.706438
9280.382408
9268.082705
9248.166624
9233.194537
9211.998287
9199.919281
9183.027126
9175.338762
9167.749520
9169.874483
9169.431268
9170.110443
9168.984154
9166.677626
9169.331541
9174.239966
9182.095425
9192.056204
9206.633618
9223.401618
9241.472044
9260.587337
9280.435054
9299.801120
9313.785634
9333.409240
9353.835189
9374.022422
9386.018802
9406.413251
9426.163505
9433.454422
9451.139953
9460.737187
9473.303993
9492.250946
9500.083449
9518.652877
9525.770120
9511.492952
9508.801178
9524.642517
9515.464932
9524.656011
9499.704030
9499.136908
9494.861334
9464.873429
9444.716288
9428.379379
9414.485653
9403.209997
9395.983945
9387.437374
9380.718444
9372.759782
9366.087495
9355.421293
9344.345262
9331.214062
9320.999781
9311.989678
9303.829407
9296.178223
9289.254381
9282.360146
9276.306757
9270.631737
9265.231267
9260.058510
9255.063721
9250.229643
9245.538921
9240.974175
9236.517797
9232.129051
9227.743599
9223.390120
9219.072757
9214.762885
9210.495153
9206.280208
9202.104519
9197.982514
9193.908421
9189.841319
9185.799954
9181.807509
9177.852511
9173.916726
9169.944251
9166.034591
9162.104409
9158.021752
9154.023311
9150.088266
9146.202399
9142.328215
9138.485801
9134.683752
9130.924180
9127.210343
9123.510910
9119.851641
9116.236806
9112.671690
9109.166845
9105.735389
9102.382739
9099.116818
9095.907630
9092.784700
9089.736118
9086.751015
9083.778973
9080.900242
9078.126295
9075.373566
9072.674522
9070.011575
9067.112907
9064.233871
9061.462383
9058.815804
9056.296086
9053.897352
9051.613071
9049.430040
9047.277561
9045.192631
9043.197540
9041.290491
9039.464696
9037.706055
9035.961448
9034.144773
9032.380035
9030.687563
9029.113865
9024.881921
9022.586085
9020.453908
9018.321232
9016.170572
9014.084578
9012.052915
9010.051251
9008.092658
9006.164938
9004.272141
9002.409706
9000.571352
8998.616126
8996.551187
8994.432557
8992.318166
8989.967042
8986.523434
8983.038629
8979.739197
8976.637569
8973.700448
8970.895454
8968.197678
8965.588682
8963.054692
8960.584188
8958.166330
8955.794542
8953.461284
8951.161052
8948.890034
8946.645623
8944.425872
8942.229178
8940.054102
8937.899283
8935.763406
8933.645177
8931.541069
8929.450473
8927.373040
8925.307177
8923.250812
8921.203998
8919.157673
8917.110145
8915.067927
8913.027114
8910.997606
8908.978215
8906.960110
8904.939778
8902.916420
8900.890268
8898.861940
8896.832163
8892.481672
8888.255216
8884.172873
8880.226501
8876.401187
