8214.558546
8215.117091
8215.675636
8216.234182
8216.792727
8217.351273
8218.468364
8220.702545
8225.170909
8234.107636
8251.981088
8287.727987
8359.221764
8502.209236
8788.269048
9356.720336
10486.741818
11161.271523
10212.179545
11106.759045
10642.088329
10445.444942
10436.080325
9917.702416
9784.107074
9809.718374
9738.457808
9734.139503
9619.159499
9595.943719
9588.885686
9614.476124
9577.228177
9522.701535
9502.445765
9493.478606
9510.311299
9458.997161
9474.618205
9471.196494
9466.447865
9462.651540
9419.499206
9428.772732
9420.671710
9418.621059
9414.898509
9414.834172
9410.077715
9408.640927
9405.648114
9392.965753
9376.900015
9374.247268
9366.482018
9368.713038
9364.418669
9357.260970
9365.147417
9369.462914
9371.178479
9352.632594
9350.385074
9322.823422
9295.765556
9272.523050
9253.875801
9236.993464
9221.880826
9208.763046
9196.497659
9183.520247
9171.574154
9160.610917
9150.357728
9140.564957
9130.835749
9121.176316
9111.481828
9101.851791
9090.923078
9080.759547
9071.640470
9063.771971
9056.134931
9035.345078
9019.231821
9003.163377
8982.684455
8961.358751
8941.736375
8923.961882
8907.893326
8893.570018
8880.830033
8869.486850
8859.328122
8850.147270
8840.789008
8831.607104
8822.925131
8814.821236
8807.083260
8799.832590
8793.048491
8786.684293
8780.680293
8774.989301
8769.569998
8764.388501
8759.417265
8754.633910
8750.019938
8745.559988
8741.241203
8737.052759
8732.985485
8729.031572
8725.184329
8721.437991
8717.787549
8714.228628
8710.757366
8707.370303
8704.064323
8700.836594
8697.684507
8694.605636
8691.597696
8688.658522
8685.786038
8682.978243
8680.233200
8677.549017
8674.923847
8672.355880
8669.843340
8667.384481
8664.977588
8662.620976
8660.312992
8658.052015
8655.836453
8653.664754
8651.535399
8649.446906
8647.397833
8645.386779
8643.412382
8641.473324
8639.568330
8637.696168
8635.855652
8634.045639
8632.265029
8630.512770
8628.787850
8627.089304
8625.416207
8623.767677
8622.142874
8620.540998
8618.961288
8617.403019
8615.865505
8614.348095
8612.850172
8611.371151
8609.910479
8608.467632
8607.042116
8605.633462
8604.241230
8602.865000
8601.504378
8600.158991
8598.828486
8597.512529
8596.210804
8594.923012
8593.648870
8592.388108
8591.140472
8589.905718
8588.683615
8587.473942
8586.276489
8585.091054
8583.917445
8582.755475
8581.604967
8580.465749
8579.337656
8578.220526
8577.114205
8576.018542
8574.933390
8573.858607
8572.794053
8571.739592
8570.695091
8569.660418
8568.635446
8567.620048
8566.614101
8565.617482
8564.630070
8563.651748
8562.682397
8561.721901
8560.770146
8559.827018
8558.892405
8556.088451
8553.696067
8551.636133
8549.838017
8548.244340
