8214.558703
8215.117406
8215.676109
8216.234812
8216.793515
8217.352218
8218.469623
8220.704435
8225.174059
8234.113305
8251.991796
8287.748774
8359.262708
8502.290494
8788.430995
9357.039485
10487.374858
11161.345852
10212.564581
11107.291580
10641.977614
10445.063152
10346.011136
10169.176952
10052.487513
10049.623376
9915.363946
9941.469891
9735.183522
9716.456082
9566.738423
9398.253685
9351.755343
9298.136985
9273.263165
9248.558611
9209.113222
9186.288715
9176.528820
9168.102311
9167.691360
9167.110165
9167.889363
9166.602035
9163.629275
9167.161264
9172.320980
9180.240817
9190.211865
9204.461857
9220.774554
9238.345574
9256.934560
9275.898319
9290.116097
9308.228378
9325.364014
9344.837061
9360.289704
9371.726395
9390.586056
9409.929038
9429.312806
9448.725055
9468.057953
9469.318917
9477.789996
9496.062375
9502.971134
9497.699941
9498.199213
9513.217269
9512.073870
9508.043414
9513.932575
9496.960908
9496.226849
9479.805122
9472.025464
9456.101362
9455.794332
9455.764839
9455.694126
9455.174212
9452.850820
9445.809193
9443.095040
9398.489590
9358.185166
9328.899215
9304.865858
9284.804238
9268.241362
9256.243851
9247.427019
9236.171855
9230.334176
9226.798308
9224.000802
9222.622926
9221.828933
9221.346015
9221.048926
9220.861535
9220.731309
9220.640900
9220.134805
9220.041773
9220.030356
9220.028202
9220.026381
9220.024201
9220.021750
9220.019128
9220.016401
9220.013606
9220.010770
9220.007908
9220.005028
9220.002138
9219.999240
9219.996337
9219.993432
9219.990525
9219.987616
9219.984706
9219.981796
9219.978885
9219.975975
9219.973064
9219.970152
9219.967241
9219.964330
9219.961419
9219.958507
9219.955596
9219.952685
9219.949773
9219.946862
9219.943951
9219.941040
9219.938128
9219.935217
9219.932306
9219.929395
9219.926484
9219.923573
9219.920661
9219.917750
9219.914839
9219.911928
9219.909017
9219.906106
9219.903195
9219.900284
9219.897373
9219.894462
9219.891551
9219.888640
9219.885729
9219.882818
9219.879907
9219.876996
9219.874086
9219.871175
9219.868264
9219.865353
9219.862442
9219.859532
9219.856621
9219.853710
9219.850799
9219.847889
9219.844978
9219.842067
9219.839157
9219.836246
9219.833335
9219.830425
9219.827514
9219.824604
9219.821693
9219.818782
9219.815872
9219.812961
9219.810051
9219.807140
9219.804230
9219.801320
9219.798409
9219.795499
9219.792588
9219.789678
9219.786768
9219.783857
9219.780947
9219.778037
9219.775126
9219.772216
9219.769306
9219.766396
9219.763485
9219.760575
9219.757665
9219.754755
9219.751845
9219.748935
9219.746025
9219.743114
9219.740204
9219.737294
9219.734384
9219.731474
9219.728564
9219.725654
9219.722744
9219.719834
9219.716924
9219.714014
9219.711105
9219.708195
9219.705285
9219.702375
9219.699465
9219.696555
9219.693645
9219.690736
9219.687826
9219.681262
9219.675982
9219.670865
9219.665843
9219.660893
