8214.559075
8215.118150
8215.677226
8216.236301
8216.795376
8217.354451
8218.472601
8220.708902
8225.181503
8234.126706
8252.017109
8287.797911
8359.190201
8502.336404
8788.603987
9361.298270
10514.190581
9152.134437
9292.547673
9750.915206
10505.185549
11040.641929
9729.954470
9837.764594
9774.554256
9447.892514
9429.327771
9449.623639
9368.084345
9263.014179
9200.312608
9125.198562
9067.791069
9017.318083
8986.039045
8955.073032
8935.306835
8914.744010
8898.487839
8891.124808
8883.282327
8882.113753
8883.974725
8884.411936
8886.085549
8889.941298
8896.254221
8903.857366
8915.172996
8922.977810
8931.179690
8945.928124
8961.491044
8973.424385
8988.838344
9001.392543
9007.943804
9023.106723
9038.085116
9047.921254
9046.931392
9056.212074
9060.385352
9074.228214
9083.466966
9092.988929
9087.264450
9091.933545
9086.276529
9082.776746
9094.016708
9095.169160
9091.140906
9077.330884
9079.947531
9076.946682
9071.103212
9059.388623
9059.839928
9065.653125
9068.395710
9057.123652
9046.892184
9045.432537
9046.599138
9050.318258
9045.288353
9046.506969
9046.910181
9043.004179
9040.525502
9022.570052
9021.246278
9020.428358
9017.446825
9007.382657
9006.384362
9005.922986
9005.036460
8992.386025
8990.689785
8989.943095
8989.384117
8988.056227
8984.826456
8984.106222
8982.979837
8982.587091
8979.651690
8978.640018
8977.681043
8977.032635
8976.435567
8973.668793
8973.073739
8972.711270
8972.065244
8971.335783
8970.524159
8970.319462
8970.194640
8970.093901
8970.008165
8969.888622
8969.050228
8968.931940
8968.880668
8968.804870
8968.029986
8967.932040
8967.907450
8967.888441
8967.550774
8967.425183
8967.358486
8967.310515
8967.268955
8967.229847
8967.191926
8967.154787
8967.118301
8967.082426
8967.047144
8967.012445
8966.978324
8966.944773
8966.911787
8966.879360
8966.847485
8966.816155
8966.785365
8966.755107
8966.725375
8966.696269
8966.667602
8966.639427
8966.611747
8966.584558
8966.557853
8966.531626
8966.505870
8966.480579
8966.455745
8966.431362
8966.407423
8966.383922
8966.360851
8966.338205
8966.315976
8966.294159
8966.272746
8966.251732
8966.231109
8966.210871
8966.191013
8966.171527
8966.152409
8966.133650
8966.115247
8966.097191
8966.079478
8966.062102
8966.045057
8966.028336
8966.011935
8965.995847
8965.980068
8965.964591
8965.949411
8965.934523
8965.919922
8965.905601
8965.891557
8965.877784
8965.864277
8965.851030
8965.838040
8965.825301
8965.812809
8965.800559
8965.788545
8965.776765
8965.765213
8965.753884
8965.742776
8965.731882
8965.721200
8965.710724
8965.700452
8965.690378
8965.680500
8965.670812
8965.661312
8965.651995
8965.642859
8965.633898
8965.625111
8965.616492
8965.608040
8965.599750
8965.591619
8965.583644
8965.575822
8965.568150
8965.560624
8965.553242
8965.546000
8965.538896
8965.531927
8965.525090
8965.518382
8965.511801
8965.505344
8965.499008
8965.492791
8965.486691
8965.480704
8965.474829
8965.469063
8965.463404
8965.457849
8965.450543
8965.443758
8965.437101
8965.430566
8965.424151
