8219.583853
8225.167705
8230.751558
8236.335410
8241.919262
8247.503114
8258.670818
8281.006223
8325.677026
8415.018599
8593.701617
8951.067140
9665.796132
10380.515456
11710.072996
13131.781717
13137.931437
12532.967314
12550.203643
12574.381220
12597.579206
12595.845434
12578.676552
12555.352145
12500.121844
12447.839544
12400.107480
12319.747283
12252.664040
12195.566661
12107.619981
12036.771034
11977.507679
11887.301977
11814.462512
11752.492744
11653.334697
11568.252870
11421.316455
11286.122182
11223.792959
11113.970393
11035.653620
10997.840725
11018.143395
11072.614137
11121.872018
11161.154905
11191.954768
11220.147797
11247.541662
11274.619567
11303.949503
11357.177861
11377.387652
11394.175823
11406.015170
11407.148112
11388.568557
11347.371150
11296.860132
11258.995274
11242.670852
11243.869812
11279.393104
11458.311349
11506.377484
11829.486080
12841.328430
11889.035932
11876.092888
11784.960273
12143.547808
11514.222039
11509.518573
11550.749780
11297.939699
11197.894977
11249.581585
11074.108987
11148.464665
11124.738444
11119.846982
11181.975058
11200.800941
11173.381013
11162.319608
11139.101766
11095.525362
11087.447901
11038.694877
11052.988939
11066.796262
11055.627118
11043.155634
11070.964556
11085.671936
11063.085127
11057.445153
11082.179231
11038.713068
11048.935446
11058.054308
11079.282478
11062.885107
11065.841169
11025.261703
11040.953357
11024.027216
11030.509458
11015.436715
10992.849693
11005.703710
10999.123927
10992.250149
10976.228227
10978.751694
10966.882771
10927.931604
10889.643761
10865.973479
10847.346648
10822.558327
10805.285373
10787.077309
10771.386292
10757.110439
10743.634989
10730.784036
10718.528924
10706.733375
10694.995920
10681.410800
10667.221859
10652.002807
10637.387799
10626.934338
10616.744588
10588.417270
10561.962795
10523.928416
10455.481994
10372.851740
10289.362207
10209.070297
10135.076179
10067.537374
10005.976078
9949.860657
9898.719825
9852.120528
9809.665214
9770.989416
9735.759393
9703.669843
9674.441721
9647.820170
9623.572569
9601.486712
9581.369099
9563.043364
9546.348805
9531.139038
9517.280751
9504.652561
9493.143966
9482.654384
9473.092268
9464.374307
9456.424689
9449.174427
9442.560752
9436.526548
9431.019851
9425.993377
9421.404106
9417.212896
9413.384131
9409.885406
9406.687234
9403.762782
9401.087636
9398.639578
9396.398388
9394.345665
9392.464662
9390.740139
9389.158221
9387.706281
9386.372825
9385.147388
9384.020446
9382.983324
9382.028127
9381.147665
9380.335390
9379.585340
9378.892085
9378.250679
9377.656616
9377.105794
9376.594473
9376.119246
9375.677008
9375.264932
9374.880437
9374.521174
9374.184998
9373.869957
9373.574269
9373.296306
9373.034587
9372.787758
9372.554584
9372.333938
9372.124791
9371.926201
9371.737311
9371.557335
9371.385556
9371.221317
9371.064018
9370.913111
9370.768092
9370.628500
9370.493914
9370.363947
9370.238243
9370.116478
9369.998351
9369.883589
9369.771938
9369.663167
9369.557060
9369.453421
9369.352067
9369.252831
9369.155557
9369.060101
9368.966332
9368.874126
9368.783367
9368.693952
9368.605780
9368.518760
9368.432806
9368.347839
9368.263784
9368.180570
9368.098134
9368.016413
9367.935349
9367.854889
9367.774982
9367.695578
9367.616634
9367.538106
9367.459952
9367.382135
9367.304618
9367.227366
9367.150345
9367.073524
9366.996873
9366.920363
9366.843967
9366.767657
9366.691408
9364.464985
9362.436655
9360.602333
9358.953440
9357.478772
