8214.558703
8215.117406
8215.676109
8216.234812
8216.793515
8217.352218
8218.469623
8220.704435
8225.174059
8234.113305
8251.991796
8287.748774
8359.262708
8502.290494
8788.430995
9357.039485
10487.374858
11161.345852
10212.564581
11107.291580
10641.977614
10445.063152
10346.011136
10169.176952
10052.487513
10049.623376
9915.363946
9941.469891
9735.183522
9486.450188
9365.362516
9259.191375
9232.231349
9232.131198
9221.472040
9224.957441
9204.641888
9206.532050
9207.404945
9221.897183
9240.445885
9259.628850
9277.870087
9301.193718
9325.344585
9347.812702
9366.445155
9392.100126
9418.100795
9432.132394
9458.528763
9484.484404
9491.660806
9515.531159
9527.113826
9543.474976
9553.543253
9566.090653
9551.708905
9554.345479
9564.223669
9543.604141
9541.892333
9480.732868
9481.682058
9479.397300
9463.865749
9461.641479
9442.412350
9440.061396
9437.529068
9404.165659
9382.101826
9360.945835
9344.351770
9331.102406
9320.172933
9310.919356
9302.955096
9295.987473
9289.825243
9284.325880
9279.379562
9274.736022
9270.529016
9266.695895
9263.184864
9259.928745
9256.928230
9254.141166
9251.543049
9249.113013
9246.833319
9244.688642
9242.665701
9240.752922
9238.940155
9237.218461
9235.579922
9234.017502
9232.524920
9231.096549
9229.727336
9228.412725
9227.137910
9225.912985
9224.732579
9223.592931
9222.491079
9221.424404
9220.390523
9219.387251
9218.411856
9217.462918
9216.538681
9215.637622
9214.758320
9213.899463
9213.059838
9212.238319
9211.433866
9210.645512
9209.872359
9209.113575
9208.368384
9207.636064
9206.915938
9206.207384
9205.509816
9204.822689
9204.145490
9203.477743
9202.819001
9202.168844
9201.526881
9200.892743
9200.266086
9199.646585
9199.033934
9198.427847
9197.828055
9197.234304
9196.642986
9196.056745
9195.475824
9194.900101
9194.329408
9193.763415
9193.202092
9192.645299
9192.092887
9191.544713
9191.000640
9190.460539
9189.924288
9189.385875
9188.852178
9188.322512
9187.796450
9187.273806
9186.751052
9186.232227
9185.716849
9185.204619
9184.695402
9184.189109
9183.685664
9183.185000
9182.656750
9182.133129
9181.615154
9181.099310
9180.585428
9180.073484
9179.563461
9179.046545
9178.535450
9178.026340
9177.519098
9177.013706
9176.510145
9176.008397
9175.502947
9175.000131
9174.499805
9174.001043
9173.504143
9173.008987
9172.515545
9172.023798
9171.533728
9171.045319
9170.558555
9170.073422
9169.589904
9169.107988
9168.627659
9168.148904
9167.671711
9167.196065
9166.721954
9166.249366
9165.778288
9165.308708
9164.840614
9164.373994
9163.908836
9163.445128
9162.975535
9162.508777
9162.044108
9161.581112
9161.119630
9160.651788
9160.189061
9159.728293
9159.269151
9158.811511
