8214.558760
8215.117520
8215.676281
8216.235041
8216.793801
8217.352561
8218.470082
8220.705122
8225.175204
8234.115366
8251.995690
8287.756332
8359.277595
8502.320040
8788.489637
9357.160955
10487.575246
11157.182176
10215.475085
11110.341331
10640.653279
10459.514040
11082.146076
10164.772601
10312.850165
9739.833244
9857.387325
9655.158260
9734.138683
9739.186001
9614.642269
9553.023244
9524.438014
9481.384774
9493.535374
9501.282866
9518.244347
9529.686191
9513.031849
9484.964069
9446.270312
9438.290246
9444.825265
9416.441743
9409.886715
9424.147129
9413.472692
9413.464665
9421.034729
9396.197597
9372.495080
9374.011755
9365.583241
9344.329674
9344.109856
9354.440074
9365.318358
9373.812034
9369.740161
9376.777070
9362.121745
9362.100984
9174.548680
9023.852414
8813.153165
8722.116364
8668.171392
8630.170838
8601.029056
8577.514562
8557.870185
8541.039231
8526.347157
8513.344430
8501.719280
8491.246376
8481.755978
8473.115186
8465.216451
8457.970424
8451.301411
8445.144382
8439.442940
8434.147861
8429.216005
8424.609465
8420.294871
8416.242815
8412.427352
8408.825574
8405.417239
8402.184445
8399.111342
8396.183878
8393.389588
8390.717389
8388.157419
8385.700884
8383.339931
8381.067530
8378.877381
8376.763821
8374.721752
8372.746575
8370.834129
8368.980642
8367.182688
8365.437146
8363.741167
8362.092145
8360.487689
8358.925602
8357.403858
8355.236875
8353.555475
8352.042488
8350.612033
8349.236220
