0.001000
0.002000
0.003000
0.004000
0.005000
0.006000
0.008000
0.012000
0.020000
0.036000
0.068000
0.132000
0.260000
0.516000
1.028000
2.052000
4.100000
6.148000
8.196000
10.244000
12.292000
14.340000
16.388000
18.436000
20.484000
22.532000
24.580000
26.628000
28.676000
30.724000
32.772000
34.820000
36.868000
38.916000
40.964000
43.012000
45.060000
47.108000
49.156000
51.204000
53.252000
55.300000
57.348000
59.396000
61.444000
63.492000
65.540000
67.588000
69.636000
71.684000
73.732000
75.780000
77.828000
79.876000
81.924000
83.972000
86.020000
88.068000
90.116000
92.164000
94.212000
96.000000
98.000000
100.000000
102.000000
104.000000
106.000000
108.000000
110.000000
112.000000
114.000000
116.000000
118.000000
120.000000
122.000000
124.000000
126.000000
128.000000
130.000000
132.000000
134.000000
136.000000
138.000000
140.000000
142.000000
144.000000
146.000000
148.000000
150.000000
152.000000
154.000000
156.000000
158.000000
160.000000
162.000000
164.000000
166.000000
168.000000
170.000000
172.000000
174.000000
176.000000
178.000000
180.000000
182.000000
184.000000
186.000000
188.000000
190.000000
192.000000
194.000000
196.000000
198.000000
200.000000
202.000000
204.000000
206.000000
208.000000
