8214.558389
8215.116778
8215.675167
8216.233556
8216.791945
8217.350335
8218.467113
8220.700669
8225.167782
8234.102007
8251.970455
8287.707347
8359.181110
8502.128555
8788.023115
9359.810920
10503.696789
12790.447158
15487.488728
13183.711030
13487.615801
13528.226399
13511.362013
13370.273767
13226.071987
13094.036030
12879.348104
12708.129135
12465.913776
12286.157056
12050.502242
11883.404826
11675.965667
11535.625590
11375.474785
11285.738105
11208.215308
11168.362255
11161.986312
11182.567207
11222.061184
11260.875699
11297.535461
11331.202469
11354.950390
11374.907735
11377.473578
11342.729200
11286.230525
11254.782403
11250.187715
11260.070584
11323.762147
11443.240996
11716.201503
11629.390361
11857.454530
12336.271516
11433.064844
11360.437554
11467.830000
11307.654104
11229.333950
11192.197581
11202.209415
11316.163817
11157.825957
11147.447121
11102.902139
11028.102108
11029.904887
11000.274573
10980.116399
10929.416053
10923.479466
10916.189614
10904.504022
10884.706286
10880.476113
10876.308543
10868.256722
10855.506380
10853.011383
10850.757536
10846.922937
10840.907228
10839.700623
10838.630448
10837.057133
10836.245261
10835.216826
10834.048474
10833.032825
10832.233367
10830.778478
10825.238447
10819.349776
10809.416998
10795.176960
10784.391805
10762.824110
10749.265459
10739.169338
10730.558824
10725.792648
10723.216073
10722.992827
10721.965752
10722.825799
10723.485811
10723.884896
10724.133324
10724.894832
10725.149581
10724.749563
10725.101060
10725.844569
10726.992599
10726.758099
10727.205994
10728.197366
10729.706278
10729.983984
10730.253551
10731.056651
10732.299754
10732.371359
10732.953484
10733.640421
10734.422096
10734.523674
10734.874773
10733.181278
10732.021876
10727.099348
10725.017285
10723.778366
10723.437353
10722.905980
10721.605987
10720.880379
10722.916335
10726.599038
10728.485594
10730.715351
10731.111084
10731.766913
10732.854274
10717.432098
10720.284082
10716.826315
10719.480846
10719.154936
10722.199579
10724.127994
10724.459484
10725.728369
10728.104120
10727.650481
10728.475407
10729.328131
10730.969152
10734.415534
10733.180535
10733.950264
10735.194305
10737.568820
10736.838277
10737.678139
10738.458572
10740.148749
10744.358618
10744.346268
10744.745383
10746.513577
10751.007046
10748.029856
10749.641801
10750.669576
10753.267728
10752.501011
10753.257582
10754.090408
10755.909582
10760.006350
10758.593899
10759.431977
10759.994829
10761.519901
10764.502357
10764.072567
10765.084661
10766.206309
10768.312310
10772.415831
10770.858565
10770.332389
10770.655056
10771.010294
10773.642208
10771.987358
10774.097805
10774.346876
10773.430481
10771.362777
10767.278999
10765.694222
10765.263448
10770.012050
10766.075780
10766.911839
10766.058893
10767.187030
10764.539551
10767.775463
10767.269422
10768.378166
10769.052395
10770.501014
10773.569942
10778.842582
10775.685841
10776.410013
10776.668185
10777.626015
10780.184586
10786.862034
10784.023104
10784.617818
10784.596468
10786.204398
10788.091327
10773.754409
10742.690171
10725.803672
10714.478986
10705.553263
10697.973429
10689.382040
10682.920335
10677.918209
10673.881434
10670.525695
10667.645750
10665.172161
10663.006864
10661.088127
10659.370782
10657.820705
10656.411508
10655.102837
10653.922531
10652.827683
10651.812053
10650.866327
10649.982602
10649.154187
10648.199292
10647.302100
10646.477809
10645.696275
10644.951988
10644.241885
10643.563350
10642.914052
10642.291900
10641.695014
10641.117008
10640.562585
10640.029002
10639.514840
10639.018920
10638.540168
10638.077601
10637.630312
10637.197465
10636.778286
10636.372062
10635.978127
10635.595866
10635.224704
10634.864108
10634.513579
10634.172650
10633.840885
10633.517875
10633.203236
10632.896609
10632.597655
10632.306054
10632.021506
10631.743728
10631.472451
10631.207424
10630.948406
10630.695171
10630.447503
10630.205200
10629.968068
10629.735922
10629.508589
10629.285902
10629.067703
10628.853841
10628.644172
10628.438559
10628.236871
10628.038984
10627.844777
10627.654136
10627.466952
10627.283120
10627.102540
10626.925115
10626.750753
10626.579366
10626.410869
10626.245180
10626.082220
10625.921915
10625.764192
10625.608981
10625.451329
10625.295827
10625.142826
10624.992077
10624.843487
10624.697007
10624.552593
10624.410201
10624.269787
10624.131309
10623.994724
10623.859991
10623.727068
10623.595915
10623.466495
10623.338770
10623.212702
10623.088256
10622.965397
10622.844091
10622.724305
10622.606008
10622.489168
10622.373754
10622.259738
10622.147091
10622.035785
10621.925792
10621.817087
10621.709644
10621.603437
10621.497351
10621.392340
10621.288521
10621.185840
10621.084268
10620.983784
10620.884370
10620.786009
10620.688681
10620.592369
10620.497056
10620.402723
10620.309354
10620.216933
10620.125442
10620.034867
10619.945191
10619.856399
10619.768475
10619.681407
10619.595178
10619.509775
10619.425185
10619.341394
10619.258389
10619.176157
10619.094686
10619.013963
10618.933976
10618.854714
10618.740040
10618.646662
10618.556085
10618.466914
10618.378857
