8214.558703
8215.117406
8215.676109
8216.234812
8216.793515
8217.352218
8218.469623
8220.704435
8225.174059
8234.113305
8251.991796
8287.748774
8359.262708
8502.290494
8788.430995
9357.039485
10487.374858
11161.345852
10212.564581
11107.291580
10641.977614
10445.063152
10346.011136
10169.176952
10052.487513
10049.623376
9915.363946
9941.469891
9735.183522
9716.616367
9651.062000
9547.831812
9581.823156
9580.969385
9517.430603
9553.648468
9515.163856
9531.364277
9515.907756
9517.523716
9486.324992
9483.903133
9487.314219
9439.682196
9457.029669
9453.340526
9437.693157
9413.150130
9418.721666
9413.839389
9411.553838
9407.413022
9402.455637
9409.576826
9412.954248
9403.607958
9403.332037
9399.598091
9403.947141
9405.738469
9405.978605
9394.805514
9381.843255
9377.874853
9373.962190
9369.602081
9362.302627
9358.611805
9354.702809
9350.006381
9343.528487
9340.961477
9338.558643
