8214.558703
8215.117406
8215.676109
8216.234812
8216.793515
8217.352218
8218.469623
8220.704435
8225.174059
8234.113305
8251.991796
8287.748774
8359.262708
8502.290494
8788.430995
9357.039485
10487.374858
11161.345852
10212.564581
11107.291580
10641.977614
10445.063152
10346.011136
10169.176952
10052.487513
10049.623376
9915.363946
9941.469891
9735.183522
9717.573923
9600.060233
9544.771868
9567.267352
9568.362885
9495.430243
9496.791267
9470.286083
9484.278165
9514.267441
9514.563140
9502.130929
9505.660264
9505.262126
9489.539214
9466.931063
9448.976318
9445.107115
9446.424148
9448.109239
9441.055865
9434.501635
9438.360090
9439.177475
9449.821507
9449.293483
9457.646208
9458.066917
9470.235583
9452.100212
9454.522710
9452.222968
9450.279848
9383.230139
9187.640513
9078.847396
8873.870211
8776.059981
8717.290587
8675.469324
8643.206235
8617.114377
8595.324882
8576.687338
8560.446957
8546.089637
8533.254803
8521.682034
8511.177281
8501.591225
8492.805397
8484.723425
8477.264802
8470.361185
8463.953873
8457.991879
8452.430527
8447.230429
8442.356703
8437.778407
8433.467921
8429.400695
8425.554794
8421.910604
8418.450604
8415.159126
8412.022144
8409.027091
8406.162704
8403.418856
8400.786440
8398.257254
8395.823896
8393.479681
8391.218558
8389.035042
8386.924155
8384.881366
8382.902551
8380.983940
8379.122085
8377.313802
8375.556216
8373.846670
8372.182695
8370.562028
8368.982578
8367.442420
8365.939775
8364.472995
8363.040552
8361.641017
8360.273060
8358.935433
8357.626968
8356.346566
8355.093193
8353.865877
8352.663699
8351.485791
8350.331333
8349.199546
8348.089695
8347.001079
8345.933034
8344.884925
8343.856151
8342.846136
8341.854332
8340.880214
8339.923282
8338.983055
8338.059073
8337.150896
8336.258102
8335.380283
8334.517050
8333.668028
8332.832854
8332.011182
8331.202677
8330.407014
8329.623883
8328.852983
8328.094022
8327.346721
8326.610807
8325.886018
8325.172099
8324.468806
8323.775899
8323.093148
8322.420328
8321.757223
8321.103622
8320.459321
8319.824122
8319.197831
8318.580262
8317.971233
8317.370567
8316.778093
8316.193644
8315.617056
8315.048172
8314.486838
8313.932904
8313.386224
8312.846657
8312.314063
8311.788308
8311.269260
8310.756791
8310.250777
8309.751095
8309.257627
8308.770256
8308.288871
8307.813359
8307.343614
8306.879531
8306.421006
8305.967940
8305.520235
8305.077795
8304.640526
8304.208338
8303.781141
8303.358847
8302.941373
8302.528634
8302.120550
8301.717039
8301.318026
8300.923433
8300.533185
8300.147211
8299.765439
8299.387798
8299.014221
8298.644642
8298.278993
8297.917212
8297.559236
8296.145687
8295.300422
8294.698775
8294.211346
8293.784368
