8214.558545
8215.117089
8215.675633
8216.234178
8216.792722
8217.351267
8218.468356
8220.702534
8225.170889
8234.107600
8251.981020
8287.727855
8359.221504
8502.208721
8788.182823
9360.129707
10504.016805
12782.066192
15537.886701
15550.042937
13938.434751
14142.116260
14139.245343
14098.644707
13955.501088
13828.965999
13618.544018
13456.005555
13229.050834
13061.237695
12843.298549
12684.951248
12486.991100
12346.262400
12243.196214
12105.097948
11950.664284
11806.732480
11719.986233
11766.741635
11802.103778
11809.186158
11816.045319
11827.840738
11847.046314
11881.401014
11922.079451
11964.721921
12011.716941
12063.967800
12117.950651
12180.159885
12227.205013
12234.745167
12029.420055
11961.771080
11990.620185
12282.006307
12390.919289
13067.627899
12369.974087
12417.769659
12475.932902
12261.578690
12083.077496
12099.882384
12010.626078
11893.824698
12008.027857
11752.704707
11812.310496
11761.290836
11716.021348
11775.146699
11779.961147
11784.972159
11776.257727
11817.588938
11825.541750
11801.602386
11896.615831
11873.400992
11830.806287
11777.663909
11743.808979
11716.748538
11685.149172
11658.603298
11625.358782
11602.833378
11580.997970
11566.166800
11552.558484
11535.390781
11528.578308
11526.150893
11524.245078
11520.771997
11515.132302
11511.671932
11510.059001
11508.887237
11506.754122
11503.349890
11498.780522
11493.134122
11487.709517
11486.350788
11485.445427
11483.797601
11481.075488
11476.702743
11471.528403
11468.723379
11466.213068
11460.023049
11453.856225
11449.539004
11447.232832
11446.492224
11445.729703
11444.237257
11442.016134
11439.069106
11435.103833
11432.738032
11429.489657
11426.815733
11423.979781
11421.333873
11418.699960
11416.101833
11413.660106
11411.257814
11408.798698
11405.991383
11403.597358
11401.173261
11398.860845
11389.234483
11383.790899
11379.429279
11369.183349
11354.998103
11330.263495
11304.397932
11293.662086
11256.137406
11233.634561
11218.841588
11207.352317
11197.805637
11190.462741
11184.491970
11179.439047
11174.603499
11170.138403
11166.491615
11163.304660
11160.508144
11158.641549
11156.442531
11154.457353
11152.429427
11149.377584
11147.026209
11144.842974
11142.863311
11141.038516
11139.343548
11137.761241
11136.278423
11134.875149
11133.551629
11132.300966
11131.116109
11129.983634
11128.900128
11127.864263
11126.874881
11125.929403
11124.530101
11123.346101
11122.255081
11121.223812
11120.242592
11119.306453
11118.411678
11117.354145
11116.368100
11115.451986
11114.585766
11113.756627
11112.966466
11112.209725
11111.483484
11110.785547
11110.114032
11109.467270
11108.843756
11108.242123
11107.661120
11107.099597
11106.556496
11106.030838
11105.521719
11105.028298
11104.549795
11104.085484
11103.634689
11103.196777
11102.771157
11102.357277
11101.948145
11101.545147
11101.149729
11100.762795
11100.384553
11100.014951
11099.653837
11099.301008
11098.956238
11098.619286
11098.289908
11097.967858
11097.652897
11097.343908
11097.040793
11096.743238
11096.451444
11096.165539
11095.885508
11095.611243
11095.342592
11095.079379
11094.821427
11094.568562
11094.320615
11094.077425
11093.838839
11093.604714
11093.374911
11093.148420
11092.925148
11092.705163
11092.488572
11092.275412
11092.065674
11091.859324
11091.656313
11091.456581
11091.260064
11091.066695
11090.876404
11090.689122
11090.504778
11090.323303
11090.144631
11089.968694
11089.795428
11089.624770
11089.456658
11089.291032
11089.127835
11088.967010
11088.808502
11088.652259
11088.498229
11088.346363
11088.196611
11088.048928
11087.903267
11087.759585
11087.617838
11087.477985
11087.339986
11087.203801
11087.069393
11086.936723
11086.805758
11086.676460
11086.548798
11086.422736
11086.298244
11086.175290
11086.053844
11085.933876
11085.815357
11085.698259
11085.582555
11085.468218
11085.355223
11085.243544
11085.133157
11085.022082
11084.910298
11084.798141
11084.686160
11083.524977
11082.960126
11082.623371
11082.382644
11082.188803
