0.001000
0.002000
0.003000
0.004000
0.005000
0.006000
0.008000
0.012000
0.020000
0.036000
0.068000
0.132000
0.260000
0.516000
1.028000
2.052000
4.100000
6.148000
8.196000
8.216480
8.216582
8.216685
8.216787
8.216992
8.217402
8.217811
8.218630
8.219450
8.221088
8.222726
8.226003
8.229280
8.235834
8.242387
8.248941
8.262048
8.288262
8.340691
8.445549
8.655264
8.760122
8.781093
8.802065
8.844008
8.927894
9.095666
9.263438
9.431210
9.598982
9.766755
9.934527
10.102299
10.270071
10.437843
10.773388
11.108932
11.444476
12.115565
13.457742
14.799919
16.142097
17.484274
18.826451
20.168628
21.510806
22.852983
24.195160
25.537338
26.879515
28.221692
29.563869
30.906047
32.248224
33.590401
34.932579
36.274756
37.616933
38.959110
40.301288
41.643465
41.656887
41.663598
41.677019
41.703863
41.730706
41.757550
41.811237
41.864924
41.972298
42.079673
42.294421
42.509169
42.723918
43.153414
43.582911
43.668810
43.754710
43.926509
44.270106
44.957301
45.094740
45.232179
45.507056
46.056812
47.156324
49.355347
51.554370
51.774273
51.994175
52.433980
53.313589
55.072808
56.832026
58.591245
60.350463
62.109682
63.868901
65.628119
67.387338
67.563260
67.739182
68.091025
68.794713
70.202088
71.609463
73.016837
74.424212
75.831587
77.238962
78.646337
80.053712
81.461087
82.868462
84.275836
85.683211
87.090586
88.497961
89.905336
91.312711
91.453448
91.594186
91.875661
92.438611
93.564511
94.690411
95.816311
96.000000
98.000000
100.000000
102.000000
104.000000
106.000000
108.000000
110.000000
112.000000
114.000000
116.000000
118.000000
120.000000
122.000000
124.000000
126.000000
128.000000
130.000000
132.000000
134.000000
136.000000
138.000000
140.000000
142.000000
144.000000
146.000000
148.000000
150.000000
152.000000
154.000000
156.000000
158.000000
160.000000
162.000000
164.000000
166.000000
168.000000
170.000000
172.000000
174.000000
176.000000
178.000000
180.000000
182.000000
184.000000
186.000000
188.000000
190.000000
192.000000
194.000000
196.000000
198.000000
200.000000
202.000000
204.000000
206.000000
208.000000
210.000000
212.000000
214.000000
216.000000
218.000000
220.000000
222.000000
224.000000
226.000000
228.000000
230.000000
232.000000
234.000000
236.000000
238.000000
240.000000
242.000000
244.000000
246.000000
248.000000
250.000000
252.000000
254.000000
256.000000
258.000000
260.000000
262.000000
264.000000
266.000000
268.000000
270.000000
272.000000
274.000000
276.000000
278.000000
280.000000
282.000000
284.000000
286.000000
288.000000
290.000000
292.000000
294.000000
296.000000
298.000000
300.000000
302.000000
304.000000
306.000000
308.000000
310.000000
312.000000
314.000000
316.000000
318.000000
320.000000
322.000000
324.000000
326.000000
328.000000
330.000000
332.000000
334.000000
336.000000
338.000000
340.000000
342.000000
344.000000
346.000000
348.000000
350.000000
352.000000
354.000000
356.000000
358.000000
360.000000
362.000000
364.000000
366.000000
368.000000
370.000000
372.000000
374.000000
376.000000
378.000000
380.000000
382.000000
384.000000
386.000000
388.000000
390.000000
392.000000
394.000000
396.000000
398.000000
400.000000
402.000000
404.000000
406.000000
408.000000
