8214.558545
8215.117089
8215.675633
8216.234178
8216.792722
8217.351267
8218.468356
8220.702534
8225.170889
8234.107600
8251.981020
8287.727855
8359.221504
8502.208721
8788.182823
9360.129707
10505.986120
12812.076369
13603.719789
12017.333654
11950.039636
11827.921334
11635.612291
11487.312212
11287.940225
11143.154357
10959.726641
10830.555355
10671.154205
10561.518740
10429.848743
10343.025272
10248.568303
10188.871499
10191.836510
10249.343246
10275.217547
10293.981501
10306.676869
10313.359265
10313.134468
10306.219775
10275.805494
10262.786164
10271.980840
10314.850249
10394.630612
10624.645266
10823.107367
11504.994125
11039.952367
10872.019251
11025.339265
11093.825929
10756.458052
10593.990729
10646.360649
10540.279139
10463.223478
10276.025633
10258.529601
10316.415947
10308.389642
10288.651934
10210.781338
10268.242543
10296.730180
10298.707014
10274.075269
10232.355557
10185.948630
10151.461518
10113.268075
10084.216411
10049.687868
10026.289063
9999.257299
9981.715987
9965.315211
9954.592876
9945.332802
9935.906721
9933.833952
9925.544343
9926.177260
9926.071078
9925.694309
9924.628345
9922.471716
9919.186504
9918.355044
9916.300245
9914.660188
9913.077685
9911.528957
9910.057511
9908.631948
9907.299781
9905.810201
9903.799220
9899.609849
9898.585127
9897.445414
9894.854567
9891.377260
9889.367785
9888.085149
9884.938507
9883.112008
9881.872431
9883.577453
9886.032102
9891.997991
9899.565934
9911.170338
9923.720518
9937.171107
9951.470114
9965.145205
9978.516043
9992.378261
10000.773054
10007.193028
10010.710611
10011.730696
10011.188129
10011.176876
10011.171669
10011.166619
10011.161574
10011.156529
10011.151484
10011.146439
10011.141394
10011.136349
10011.131304
10011.126260
10011.121215
10011.116170
10011.111125
10011.106081
10011.101036
10011.095992
10011.090947
10011.085903
10011.080859
10011.075814
10011.070770
10011.065726
10011.060681
10011.055637
10011.050593
10011.045549
10011.040505
10011.035461
10011.030417
10011.025373
10011.020329
10011.015285
10011.010241
10011.005197
10011.000154
10010.995110
10010.990066
10010.985022
10010.979979
10010.974935
10010.969892
10010.964848
10010.959805
10010.954762
10010.949718
10010.944675
10010.939632
10010.934588
10010.929545
10010.924502
10010.919459
10010.914416
10010.909373
10010.904330
10010.899287
10010.894244
10010.889201
10010.884158
10010.879115
10010.874072
10010.869030
10010.863987
10010.858944
10010.853902
10010.848859
10010.843817
10010.838774
10010.833732
10010.828689
10010.823647
10010.818605
10010.813562
10010.808520
10010.803478
10010.798436
10010.793393
10010.788351
10010.783309
10010.778267
10010.773225
10010.768183
10010.763142
10010.758100
10010.753058
10010.748016
10010.742974
10010.737933
10010.732891
10010.727849
10010.722808
10010.717766
10010.712724
10010.707683
10010.702642
10010.697600
10010.692559
10010.687518
10010.682476
10010.677435
10010.672394
10010.667353
10010.662311
10010.657270
10010.652229
10010.647188
10010.642147
10010.637107
10010.632066
10010.627025
10010.621984
10010.616943
10010.611903
10010.606862
10010.601821
10010.596781
10010.591740
10010.586700
10010.581659
10010.576619
10010.571578
10010.566538
10010.561497
10010.556457
10010.551417
10010.546377
10010.541337
10010.536296
10010.531256
10010.526216
10010.521176
10010.516136
10010.511096
10010.506056
10010.501017
10010.495977
10010.490937
10010.485897
10010.480857
10010.475818
10010.470778
10010.465738
10010.460699
10010.455659
10010.450620
10010.445581
10010.440541
10010.435502
10010.430463
10010.425423
10010.415532
10010.406480
10010.397508
10010.388608
10010.379780
