0.001000
0.002000
0.003000
0.004000
0.005000
0.006000
0.008000
0.012000
0.020000
0.036000
0.068000
0.132000
0.260000
0.516000
1.028000
2.052000
4.100000
6.148000
6.352800
6.353005
6.353210
6.353619
6.354438
6.355258
6.356896
6.358534
6.361811
6.365088
6.371642
6.378195
6.391302
6.404410
6.430624
6.483053
6.587910
6.797626
6.902483
7.007341
7.112198
7.217056
7.321914
7.426771
7.636486
7.846202
8.055917
8.475347
8.894778
9.733638
11.411360
13.089082
14.766803
16.444525
18.122246
19.799968
21.477690
23.155411
24.833133
26.510854
28.188576
29.866298
31.544019
33.221741
34.899462
36.577184
38.254906
38.256583
38.258261
38.261616
38.268327
38.281749
38.308593
38.335436
38.389123
38.442810
38.550185
38.657559
38.872307
39.087056
39.516552
39.946049
40.375546
41.234539
42.093533
43.811520
43.983318
44.155117
44.498714
45.185909
46.560299
47.934688
49.309078
50.683467
52.057857
53.432246
54.806636
56.181025
57.555415
58.929804
60.304194
61.678583
63.052973
64.427363
65.801752
67.176142
68.550531
69.924921
71.299310
72.673700
74.048089
75.422479
76.796868
78.171258
79.545647
80.920037
82.294427
83.668816
85.043206
86.417595
87.791985
89.166374
90.540764
91.915153
93.289543
94.663932
96.000000
98.000000
100.000000
102.000000
104.000000
106.000000
108.000000
110.000000
112.000000
114.000000
116.000000
118.000000
120.000000
122.000000
124.000000
126.000000
128.000000
130.000000
132.000000
134.000000
136.000000
138.000000
140.000000
142.000000
144.000000
146.000000
148.000000
150.000000
152.000000
154.000000
156.000000
158.000000
160.000000
162.000000
164.000000
166.000000
168.000000
170.000000
172.000000
174.000000
176.000000
178.000000
180.000000
182.000000
184.000000
186.000000
188.000000
190.000000
192.000000
194.000000
196.000000
198.000000
200.000000
202.000000
204.000000
206.000000
208.000000
210.000000
212.000000
214.000000
216.000000
218.000000
220.000000
222.000000
224.000000
226.000000
228.000000
230.000000
232.000000
234.000000
236.000000
238.000000
240.000000
242.000000
244.000000
246.000000
248.000000
250.000000
252.000000
254.000000
256.000000
258.000000
260.000000
262.000000
264.000000
266.000000
268.000000
270.000000
272.000000
274.000000
276.000000
278.000000
280.000000
282.000000
284.000000
286.000000
288.000000
290.000000
292.000000
294.000000
296.000000
298.000000
300.000000
302.000000
304.000000
306.000000
308.000000
310.000000
312.000000
314.000000
316.000000
318.000000
320.000000
322.000000
324.000000
326.000000
328.000000
330.000000
332.000000
334.000000
336.000000
338.000000
340.000000
342.000000
344.000000
346.000000
348.000000
350.000000
352.000000
354.000000
356.000000
358.000000
360.000000
362.000000
364.000000
366.000000
368.000000
370.000000
372.000000
374.000000
376.000000
378.000000
380.000000
382.000000
384.000000
386.000000
388.000000
390.000000
392.000000
394.000000
396.000000
398.000000
400.000000
402.000000
404.000000
406.000000
408.000000
