8214.558544
8215.117089
8215.675633
8216.234178
8216.792722
8217.351267
8218.468356
8220.702534
8225.170889
8234.107600
8251.981020
8287.727529
8359.220656
8502.206828
8788.388157
9360.934802
10508.744650
10738.401005
10836.899016
10926.429626
11095.813204
10301.075583
10240.916298
10149.160817
10078.678993
9983.530206
9913.268007
9821.418403
9754.487404
9665.776632
9598.927647
9511.385432
9444.321639
9452.353071
9482.929096
9497.891630
9493.730576
9484.709229
9493.474845
9548.900745
9656.808128
9762.871516
9835.482513
10040.639185
10775.733525
10606.070797
10475.449151
10139.281887
9815.908809
9641.451650
9574.351574
9513.330460
9523.701054
9486.705156
9463.265485
9500.412581
9579.646569
9510.087766
9575.943594
9590.498564
9582.850376
9589.469681
9573.074424
9538.672656
9496.561721
9465.432234
9428.999823
9402.083964
9372.216829
9349.526044
9328.468417
9312.669586
9299.823362
9292.720329
9290.155462
9286.228542
9285.514914
9285.109684
9284.438125
9283.810750
9280.245611
9278.952733
9273.980703
9274.799274
9272.784429
9267.160753
9264.509472
9262.252694
9261.135217
9265.317050
9271.183865
9282.325723
9296.507337
9311.946556
9331.593692
9352.992249
9375.262038
9397.940643
9416.752049
9434.581876
9457.174826
9474.881118
9495.427366
9513.458256
9529.277798
9541.738053
9560.174932
9543.197365
9556.045234
9552.438803
9564.460077
9566.022590
9546.355187
9542.818029
9545.656618
9528.908377
9511.410558
9510.126797
9486.488004
9483.057369
9466.591787
9448.868202
9445.668227
9435.953180
9432.878160
9415.773617
9411.511230
9410.272900
9409.306729
9397.539366
9393.435412
9392.588705
9385.177663
9382.894917
9381.338790
9376.577408
9374.475122
9372.440707
9370.059233
9368.289334
9366.786659
9362.073470
9359.635628
9357.575933
9356.162575
9355.213178
9354.377535
9353.805369
9353.333289
9352.406196
9350.952405
9349.131841
9347.644206
9346.231012
9344.385746
9342.906958
9341.811997
9341.106716
9340.699345
9340.473288
9340.324722
9340.086775
9335.145461
9333.818104
9332.441006
9330.681364
9329.481385
9328.790656
9328.228419
9327.591308
9327.340203
9324.405267
9323.880936
9323.675871
9323.301085
9321.036482
9319.648939
9316.550210
9315.723857
9315.355789
9315.134067
9314.984233
9314.861584
9314.473398
9314.173394
9313.999251
9313.865995
9313.732372
9313.451925
9312.544530
9311.404922
9310.003502
9308.639651
9308.051131
9307.735921
9307.539870
9307.378324
9306.951617
9305.359684
9304.549678
9303.764553
9303.161322
9302.768264
9302.542442
9302.416737
9302.342549
9302.293154
9302.255750
9302.224410
9302.195915
9302.164962
9302.113182
9301.834449
9301.264336
9300.781315
9300.433062
9300.213667
9300.081646
9299.972036
9299.530157
9298.760529
9298.156714
9297.895726
9297.808487
9297.780414
9297.769453
9297.763230
9297.758436
9297.754214
9297.750330
9297.746708
9297.743313
9297.740120
9297.737108
9297.734261
9297.731562
9297.728997
9297.726552
9297.724216
9297.721978
9297.719829
9297.717759
9297.715761
9297.713829
9297.711954
9297.710133
9297.708359
9297.706628
9297.704936
9297.703279
9297.701653
9297.700056
9297.698484
9297.696935
9297.695407
9297.693898
9297.692405
9297.690928
9297.689465
9297.688013
9297.686573
9297.685143
9297.683722
9297.682309
9297.680904
9297.679505
9297.678112
9297.674134
9297.671137
9297.668194
9297.665285
9297.662409
