0.001000
0.002000
0.003000
0.004000
0.005000
0.006000
0.008000
0.012000
0.020000
0.036000
0.068000
0.132000
0.260000
0.516000
1.028000
2.052000
4.100000
4.304800
4.306848
4.308896
4.312992
4.317088
4.321184
4.329376
4.337568
4.353952
4.370336
4.403104
4.435872
4.501408
4.566944
4.698016
4.960160
5.091232
5.353376
5.615520
5.877664
6.139808
6.401952
6.926240
7.450528
7.974816
9.023392
10.071968
12.169120
14.266272
16.363424
16.573139
16.782854
16.992570
17.202285
17.621715
18.041146
18.880006
19.718867
20.557728
22.235450
23.913171
25.590893
27.268614
28.946336
28.963113
28.971502
28.988279
29.021833
29.055388
29.122497
29.189606
29.323823
29.458041
29.726477
29.994912
30.531783
31.068654
32.142396
33.216137
33.430886
33.645634
34.075131
34.934124
36.652111
38.370098
40.088085
41.806072
43.524059
45.242046
46.960033
48.678020
50.396007
52.113994
53.831980
55.549967
57.267954
58.985941
60.703928
62.421915
64.139902
65.857889
67.575876
69.293863
71.011850
72.729837
74.447824
76.165810
77.883797
79.601784
81.319771
83.037758
84.755745
86.473732
88.191719
89.909706
91.627693
93.345680
95.063667
96.000000
98.000000
100.000000
102.000000
104.000000
106.000000
108.000000
110.000000
112.000000
114.000000
116.000000
118.000000
120.000000
122.000000
124.000000
126.000000
128.000000
130.000000
132.000000
134.000000
136.000000
138.000000
140.000000
142.000000
144.000000
146.000000
148.000000
150.000000
152.000000
154.000000
156.000000
158.000000
160.000000
162.000000
164.000000
166.000000
168.000000
170.000000
172.000000
174.000000
176.000000
178.000000
180.000000
182.000000
184.000000
186.000000
188.000000
190.000000
192.000000
194.000000
196.000000
198.000000
200.000000
202.000000
204.000000
206.000000
208.000000
210.000000
212.000000
214.000000
216.000000
218.000000
220.000000
222.000000
224.000000
226.000000
228.000000
230.000000
232.000000
234.000000
236.000000
238.000000
240.000000
242.000000
244.000000
246.000000
248.000000
250.000000
252.000000
254.000000
256.000000
258.000000
260.000000
262.000000
264.000000
266.000000
268.000000
270.000000
272.000000
274.000000
276.000000
278.000000
280.000000
282.000000
284.000000
286.000000
288.000000
290.000000
292.000000
294.000000
296.000000
298.000000
300.000000
302.000000
304.000000
306.000000
308.000000
310.000000
312.000000
314.000000
316.000000
318.000000
320.000000
322.000000
324.000000
326.000000
328.000000
330.000000
332.000000
334.000000
336.000000
338.000000
340.000000
342.000000
344.000000
346.000000
348.000000
350.000000
352.000000
354.000000
356.000000
358.000000
360.000000
362.000000
364.000000
366.000000
368.000000
370.000000
372.000000
374.000000
376.000000
378.000000
380.000000
382.000000
384.000000
386.000000
388.000000
390.000000
392.000000
394.000000
396.000000
398.000000
400.000000
402.000000
404.000000
406.000000
408.000000
