8214.558707
8215.117414
8215.676121
8216.234827
8216.793534
8217.352241
8218.469655
8220.704483
8225.174139
8234.113451
8251.992074
8287.749313
8359.263772
8502.292606
8788.349944
9360.463296
10504.687989
12761.509634
15422.768627
13753.169780
11879.473651
13100.683132
13047.740176
11827.169628
11771.212261
11362.912028
11309.284849
11192.234914
11309.753935
11317.465702
11212.796082
11114.318921
11046.988684
10989.432714
10988.082458
10938.268380
10926.577766
10876.284596
10876.157986
10870.837321
10850.885920
10837.446433
10830.545194
10829.400954
10832.527971
10837.316971
10838.314748
10839.001750
10839.616165
10841.234362
10840.970155
10840.873414
10840.883175
10840.745398
10838.635149
10838.873156
10839.035206
10839.151829
10840.128534
10840.324182
10840.625064
10845.697833
10851.616838
10856.143031
10859.321115
10856.601321
10855.876058
10855.005851
10853.181659
10862.902798
10870.122891
10869.047511
10859.850677
10850.052535
10836.263132
10825.346909
10811.992859
10801.213738
10787.775902
10780.181957
10778.943630
10778.201259
10777.204938
10774.673541
10771.941156
10769.931584
10768.835033
10767.141256
10764.415638
10764.157995
10766.194770
10766.753696
10767.335818
10768.565538
10765.032848
10764.705462
10765.235557
10767.776060
10766.104950
10763.004771
10760.702944
10760.162379
10759.036497
10758.324607
10759.737624
10760.626511
10761.625197
10762.702630
10763.648679
10764.794445
10766.324005
10767.939896
10769.770980
10770.491524
10772.620759
10774.323754
10776.575182
10777.547796
10778.531462
10777.766079
10776.966491
10775.339846
10769.534500
10767.834482
10764.977128
10769.016501
10770.784718
10772.078244
10775.345046
10771.527896
10769.173532
10767.113001
10765.622769
10764.436250
10764.359600
10766.542144
10767.206313
10768.043518
10768.966819
10769.975866
10771.072257
10772.257491
10773.538828
10777.605936
10750.695212
10712.080574
10687.164756
10693.510083
10683.485707
10671.819139
10661.234505
10650.691138
10642.113365
10634.732724
10628.272057
10622.542353
10617.061683
10612.419287
10608.191683
10603.922558
10600.362158
10596.053536
10592.237155
10588.694381
10585.380267
10582.260753
10579.311735
10576.512416
10573.844277
10571.285080
10568.425006
10564.798094
10561.773667
10558.882346
10556.088669
10552.367622
10549.280140
10546.247824
10543.288397
10540.378912
10537.519371
10534.704395
10531.930416
10529.192390
10526.486027
10523.807788
10521.123719
10518.430497
10515.728881
10513.035619
10510.347618
10507.671020
10505.009160
10502.364362
10499.738320
10497.131749
10494.545831
10491.980806
10489.436784
10486.913607
10484.410814
10481.927665
10479.463173
10477.016132
10474.555659
10472.110888
10469.688771
10467.280332
10464.882367
10462.492748
10460.109799
10457.685585
10455.225304
10452.732259
10450.213790
10447.682088
10445.146465
10442.612718
10440.084583
10437.565046
10435.055752
10432.557602
10430.071305
10427.597513
10425.135821
10422.686124
10420.247793
10417.820106
10415.407369
10413.008345
10410.616854
10408.176189
10405.741187
10403.341003
10400.928328
10398.526043
10396.129195
10393.635890
10391.213723
10388.802989
10386.383633
10383.942301
10381.469675
10378.957000
10376.394955
10373.773321
10371.082203
10368.232821
10365.320093
10362.297721
10359.193680
10356.001651
10352.729802
10349.398475
10345.930173
10342.461682
10338.974349
10335.483224
10331.999600
10326.040868
10320.929305
10315.892976
10310.876560
10305.879941
10300.903032
10295.945745
10291.008006
10286.089722
10281.191008
10276.311523
10271.451244
10266.610084
10261.787696
10256.981740
10252.194730
10247.423165
10242.671721
10237.938866
10233.224518
10228.528596
10223.851017
10219.191743
10214.550710
10209.927753
10205.322805
10200.735789
10196.166623
10191.615230
10187.081532
10182.565450
10178.066907
10173.585826
10169.122129
10164.675741
10160.246585
10153.531356
10146.877941
10140.286208
10133.756022
10127.287251
