8219.583853
8225.167705
8230.751558
8236.335410
8241.919262
8247.503114
8258.670818
8281.006223
8325.677026
8415.018599
8593.701617
8951.067140
9665.796132
10380.515456
11710.072996
13131.781717
13137.931437
12532.967314
12550.203643
12574.381220
12597.579206
12595.845434
12578.676552
12555.352145
12500.121844
12447.839544
12400.107480
12319.747283
12252.664040
12195.566661
12107.619981
12036.771034
11977.507679
11887.301977
11814.462512
11752.492744
11653.334697
11568.252870
11421.316455
11286.122182
11223.792959
11113.970393
11035.653620
10997.840725
11018.143395
11072.614137
11121.872018
11161.154905
11191.954768
11220.147797
11247.541662
11274.619567
11303.949503
11357.177861
11377.387652
11394.175823
11406.015170
11407.148112
11388.568557
11347.371150
11296.860132
11258.995274
11242.670852
11243.869812
11279.393104
11458.311349
11506.377484
11829.486080
12841.328430
11889.035932
11876.092888
11784.960273
12143.547808
11514.222039
11509.518573
11550.749780
11297.939699
11197.894977
11249.581585
11074.108987
11148.464665
11124.738444
11119.846982
11181.975058
11200.800941
11173.381013
11162.319608
11139.101766
11095.525362
11087.447901
11038.694877
11052.988939
11066.796262
11055.627118
11043.155634
11070.964556
11085.671936
11063.085127
11057.445153
11082.179231
11038.713068
11048.935446
11058.054308
11079.282478
11062.885107
11065.841169
11025.261703
11040.953357
11024.027216
11030.509458
11015.436715
10992.849693
11005.703710
10999.123927
10992.250149
10976.228227
10978.751694
10966.882771
10903.198837
10719.357295
10074.833514
9781.031695
9705.383778
9680.919715
9667.507190
9655.705627
9643.407199
9630.247577
9616.272007
9601.614747
9586.420862
9570.826872
9554.956155
9538.918273
9522.809426
9506.713291
9490.701980
9474.837037
9459.170443
9443.745575
9428.598139
9413.757032
9399.245161
9385.080181
9371.275182
9357.839301
9344.778281
9332.094960
9319.789717
9307.860857
9296.304953
9285.117146
9274.291403
9263.820748
9253.697452
9243.913207
9234.459265
9225.326564
9216.505832
9207.987678
9199.762663
9191.821362
9184.154423
9176.752598
9169.606787
9162.708064
9156.047696
9149.617162
9143.408168
9137.412654
9131.622799
9126.031031
9120.630020
9115.412684
9110.372188
9105.501936
9100.795570
9096.246969
9091.850237
9087.599703
9083.489910
9079.515615
9075.671776
9071.953550
9068.356284
9064.875507
9061.506929
9058.246429
9055.090049
9052.033992
9049.074611
9046.208405
9043.432013
9040.742209
9038.135896
9035.610101
9033.161968
9030.788755
9028.487830
9026.256664
9024.092829
9021.993993
9019.957912
9017.982436
9016.065492
9014.205093
9012.399327
9010.646355
9008.944410
9007.291792
9005.686865
9004.128057
9002.613854
9001.142799
8999.713490
8998.324577
8996.974761
8995.662789
8994.387456
8993.147601
8991.942103
8990.769884
8989.629905
8988.521161
8987.442687
8986.393550
8985.372850
8984.379719
8983.413320
8982.472844
8981.557510
8980.666565
8979.799281
8978.954956
8978.132908
8977.332484
8976.553048
8975.793986
8975.054708
8974.334639
8973.633225
8972.949931
8972.284237
8971.635642
8971.003661
8970.387822
8969.787672
8969.202769
8968.632687
8968.077014
8967.535348
8967.007302
8966.492500
8965.990579
8965.501185
8965.023976
8964.558621
8964.104797
8963.662195
8963.230509
8962.809449
8962.398728
8961.998070
8961.607209
8961.225882
8960.853839
8960.490833
8960.136628
8959.160377
8958.618957
8958.194832
8957.815125
8957.460559
