0.010000
0.020000
0.030000
0.040000
0.050000
0.060000
0.080000
0.120000
0.200000
0.360000
0.680000
1.320000
2.600000
3.880000
5.160000
6.440000
6.440128
6.440256
6.440384
6.440640
6.441152
6.442176
6.443200
6.444224
6.446272
6.448320
6.450368
6.454464
6.458560
6.462656
6.470848
6.479040
6.487232
6.503616
6.520000
6.536384
6.569152
6.601920
6.667456
6.732992
6.765760
6.831296
6.896832
6.962368
7.093440
7.224512
7.355584
7.486656
7.617728
7.748800
7.879872
8.010944
8.142016
8.404160
8.535232
8.666304
8.797376
8.928448
9.059520
9.190592
9.321664
9.452736
9.583808
9.845952
10.108096
10.632384
11.680960
12.729536
14.826688
16.923840
19.020992
21.118144
23.215296
23.425011
23.634726
24.054157
24.893018
25.731878
27.409600
29.087322
30.765043
32.442765
34.120486
35.798208
37.475930
39.153651
40.831373
42.509094
44.186816
45.864538
47.542259
49.219981
50.897702
52.575424
54.253146
55.930867
57.608589
59.286310
60.964032
62.641754
64.319475
65.997197
67.674918
69.352640
71.030362
72.708083
74.385805
76.063526
77.741248
79.418970
81.096691
82.774413
84.452134
86.129856
87.807578
89.485299
90.000000
92.000000
92.200000
94.200000
96.200000
98.200000
100.200000
102.200000
104.200000
106.200000
108.200000
110.200000
112.200000
114.200000
116.200000
118.200000
120.200000
122.200000
124.200000
126.200000
128.200000
130.200000
132.200000
134.200000
136.200000
138.200000
140.200000
142.200000
144.200000
146.200000
148.200000
150.200000
152.200000
154.200000
156.200000
158.200000
160.200000
162.200000
164.200000
166.200000
168.200000
170.200000
172.200000
174.200000
176.200000
178.200000
180.200000
182.200000
184.200000
186.200000
188.200000
190.200000
192.200000
194.200000
196.200000
198.200000
200.200000
202.200000
204.200000
206.200000
208.200000
210.200000
212.200000
214.200000
216.200000
218.200000
220.200000
222.200000
224.200000
226.200000
228.200000
230.200000
232.200000
234.200000
236.200000
238.200000
240.200000
242.200000
244.200000
246.200000
248.200000
250.200000
252.200000
254.200000
256.200000
258.200000
260.200000
262.200000
264.200000
266.200000
268.200000
270.200000
272.200000
274.200000
276.200000
278.200000
280.200000
282.200000
284.200000
286.200000
288.200000
290.200000
292.200000
294.200000
296.200000
298.200000
300.200000
302.200000
304.200000
306.200000
308.200000
310.200000
312.200000
314.200000
316.200000
318.200000
320.200000
322.200000
324.200000
326.200000
328.200000
330.200000
332.200000
334.200000
336.200000
338.200000
340.200000
342.200000
344.200000
346.200000
348.200000
350.200000
352.200000
354.200000
356.200000
358.200000
360.200000
362.200000
364.200000
366.200000
368.200000
370.200000
372.200000
374.200000
376.200000
378.200000
380.200000
382.200000
384.200000
386.200000
388.200000
390.200000
392.200000
394.200000
396.200000
398.200000
400.200000
