8214.558546
8215.117091
8215.675636
8216.234182
8216.792727
8217.351273
8218.468364
8220.702545
8225.170909
8234.107636
8251.981088
8287.727987
8359.221764
8502.209236
8788.269048
9356.720336
10486.741818
11161.271523
10212.179545
11106.759045
10642.088329
10445.444942
10436.080325
9917.702416
9784.107074
9809.718374
9738.457808
9734.139503
9619.159499
9595.943719
9588.885686
9614.476124
9577.228177
9522.701535
9502.445765
9493.478606
9510.311299
9458.997161
9474.618205
9471.196494
9466.447865
9462.651540
9419.499206
9428.772732
9420.671710
9418.621059
9414.898509
9414.834172
9410.077715
9408.640927
9405.648114
9392.965753
9376.900015
9374.247268
9366.482018
9368.713038
9364.418669
9357.260970
9365.147417
9369.462914
9371.178479
9352.632594
9350.385074
9348.069628
9344.961768
9335.264784
9334.015697
9332.395753
9329.863545
9322.889318
9321.757182
9321.231369
9320.657668
9312.355327
9311.034975
9310.406818
9309.512995
9308.258646
9305.216658
9304.184895
9303.633330
9303.266405
9302.939472
9301.752820
9301.547519
9301.424608
9301.304694
9299.651479
9299.376937
9299.219649
9299.076157
9298.938252
9298.804833
9298.675667
9298.550648
9298.429684
9298.312684
9298.199553
9298.090197
9297.984518
9297.882422
9297.783813
9297.688595
9297.596676
9297.507962
9297.422361
9297.339781
9297.260133
9297.183330
9297.109283
9297.037908
9296.969120
9296.902838
9296.838982
9296.777471
9296.718230
9296.661183
9296.606257
9296.553379
9296.502481
9296.453493
9296.406350
9296.360988
9296.317343
9296.275355
9296.234965
9296.196115
9296.158749
9296.122815
9296.088259
9296.055031
9296.023081
9295.992363
9295.962831
9295.934439
9295.907146
9295.880909
9295.855689
9295.831447
9295.808146
9295.785749
9295.764222
9295.743532
9295.723645
9295.704531
9295.686160
9295.668502
9295.651530
9295.635218
9295.619538
9295.604466
9295.589979
9295.576052
9295.562665
9295.549795
9295.537422
9295.525526
9295.514088
9295.503089
9295.492513
9295.482343
9295.472561
9295.463153
9295.454103
9295.445397
9295.437021
9295.428962
9295.421208
9295.413744
9295.406561
9295.399646
9295.392989
9295.386580
9295.380407
9295.374462
9295.368735
9295.363218
9295.357902
9295.352778
9295.347839
9295.343078
9295.338487
9295.334059
9295.329787
9295.325666
9295.321688
9295.317849
9295.314142
9295.310562
9295.307104
9295.303762
9295.300533
9295.297411
9295.294393
9295.291473
9295.288647
9295.285913
9295.283266
9295.280703
9295.278219
9295.275813
9295.273480
9295.271218
9295.269024
9295.266894
9295.264827
9295.262820
9295.260870
9295.258975
9295.257133
9295.255341
9295.253598
9295.251901
9295.248487
9295.245373
9295.242331
9295.239356
9295.236446
