8214.558703
8215.117406
8215.676109
8216.234812
8216.793515
8217.352218
8218.469623
8220.704435
8225.174059
8234.113305
8251.991796
8287.748774
8359.262708
8502.290494
8788.430995
9357.039485
10487.374858
11161.345852
10212.564581
11107.291580
10641.977614
10445.063152
10346.011136
10169.176952
10052.487513
10049.623376
9915.363946
9941.469891
9735.183522
9716.456082
9566.716119
9398.335038
9351.791184
9298.147211
9275.442772
9260.835419
9228.619274
9202.856997
9189.825934
9177.997959
9171.768394
9165.325665
9164.028261
9163.957087
9167.229652
9166.969128
9165.865145
9169.701444
9176.716855
9185.292774
9198.693731
9214.415377
9231.594956
9249.864239
9268.902309
9282.928308
9301.856618
9318.013045
9337.440112
9353.067511
9364.507510
9383.354285
9402.678134
9422.047089
9441.448400
9460.842135
9480.174220
9483.305284
9489.118659
9507.344532
9510.577004
9508.953772
9497.161582
9512.954938
9514.365406
9504.925925
9508.811725
9496.275552
9493.597220
9489.461027
9463.435426
9461.463954
9458.480780
9457.487348
9455.943606
9445.328361
9444.742469
9410.554117
9373.200555
9334.959860
9309.880663
9291.471145
9271.266555
9258.125922
9248.681362
9240.859301
9233.298888
9228.340431
9225.240868
9223.343068
9222.176084
9221.459884
9221.020957
9220.751987
9220.586925
9220.485278
9220.422285
9220.382834
9220.357712
9220.341307
9220.330202
9220.322319
9220.316392
9220.311653
9220.307635
9220.304054
9220.300738
9220.297583
9220.294524
9220.291524
9220.288559
9220.285615
9220.282684
9220.279761
9220.276842
9220.273926
9220.271011
9220.268098
9220.265185
9220.262272
9220.259360
9220.256448
9220.253536
9220.250623
9220.247711
9220.244799
9220.241887
9220.238975
9220.236063
9220.233151
9220.230239
9220.227327
9220.224415
9220.221503
9220.218592
9220.215680
9220.212768
9220.209856
9220.206944
9220.204032
9220.201120
9220.198209
9220.195297
9220.192385
9220.189473
9220.186562
9220.183650
9220.180738
9220.177827
9220.174915
9220.172003
9220.169092
9220.166180
9220.163268
9220.160357
9220.157445
9220.154534
9220.151622
9220.148711
9220.145799
9220.142888
9220.139976
9220.137065
9220.134154
9220.131242
9220.128331
9220.125419
9220.122508
9220.119597
9220.116685
9220.113774
9220.110863
9220.107952
9220.105040
9220.102129
9220.099218
9220.096307
9220.093396
9220.090484
9220.087573
9220.084662
9220.081751
9220.078840
9220.075929
9220.073018
9220.070107
9220.067196
9220.064285
9220.061374
9220.058463
9220.055552
9220.052641
9220.049730
9220.046819
9220.043908
9220.040997
9220.038086
9220.035176
9220.032265
9220.029354
9220.026443
9220.023532
9220.020622
9220.017711
9220.014800
9220.011890
9220.008979
9220.006068
9220.003158
9220.000247
9219.997336
9219.994426
9219.991515
9219.988605
9219.985694
9219.982784
9219.979873
9219.976963
9219.974052
9219.967492
9219.962212
9219.957095
9219.952072
9219.947122
