8214.558703
8215.117406
8215.676109
8216.234812
8216.793515
8217.352218
8218.469623
8220.704435
8225.174059
8234.113305
8251.991796
8287.748774
8359.262708
8502.290494
8788.430995
9357.039485
10487.374858
11161.345852
10212.564581
11107.291580
10641.977614
10445.063152
10346.011136
10169.176952
10052.487513
10049.623376
9915.363946
9941.469891
9735.183522
9717.400611
9600.165240
9545.471561
9568.571837
9588.344102
9498.321129
9529.740490
9478.403915
9483.568270
9475.659625
9494.412843
9509.270907
9496.604641
9484.912271
9477.951942
9449.654641
9436.478386
9427.603397
9435.340451
9449.712796
9445.333287
9434.167552
9448.057043
9447.193540
9458.273073
9460.291747
9466.443624
9466.756371
9475.189885
9470.535946
9469.185783
9452.632585
9452.331746
9211.118770
9106.606109
8892.477582
8784.415236
8722.118183
8678.614112
8645.403257
8618.731268
8596.570677
8577.690320
8561.289638
8546.826350
8533.921476
8522.302248
8511.766261
8502.158519
8493.356763
8485.262163
8477.792752
8470.879419
8464.462989
8458.492274
8452.922547
8447.714431
8442.833089
8438.247588
8433.930348
8429.856845
8426.005141
8422.355636
8418.890771
8415.594863
8412.453859
8409.455160
8406.587459
8403.840599
8401.205446
8398.673763
8396.238122
8393.891811
8391.628755
8389.443448
8387.330893
8385.286544
8383.306258
8381.386257
8379.523086
8377.713580
8375.954834
8374.244159
8372.579113
8370.957422
8369.376977
8367.835837
8366.332204
8364.864418
8363.430939
8362.030337
8360.661281
8359.322524
8358.012899
8356.731310
8355.476725
8354.248175
8353.044741
8351.865559
8350.709810
8349.576717
8348.465546
8347.375598
8346.306209
8345.256747
8344.226610
8343.215225
8342.222044
8341.246543
8340.288223
8339.346604
8338.421227
8337.511652
8336.617457
8335.738236
8334.873601
8334.023175
8333.186599
8332.363526
8331.553620
8330.756559
8329.972031
8329.199737
8328.439385
8327.690696
8326.953398
8326.227229
8325.511935
8324.807270
8324.112997
8323.428884
8322.754708
8322.090252
8321.435306
8320.789665
8320.153132
8319.525514
8318.906624
8318.296280
8317.694306
8317.100530
8316.514786
8315.936910
8315.366744
8314.804136
8314.248934
8313.700993
8313.160172
8312.626332
8312.099337
8311.579057
8311.065363
8310.558130
8310.057238
8309.562566
8309.073999
8308.591424
8308.114730
8307.643810
8307.178559
8306.718873
8306.264654
8305.815802
8305.372222
8304.933821
8304.500507
8304.072191
8303.648787
8303.230208
8302.816372
8302.407196
8302.002602
8301.602511
8301.206847
8300.815537
8300.428505
8300.045683
8299.666998
8299.292384
8298.921774
8298.555101
8298.192303
8297.833315
8297.833314
8294.480296
8291.442710
8288.675422
8286.141270
8283.809545
8281.654873
8279.656033
8277.795250
8276.057543
8274.430117
8272.901935
8271.463415
8270.106195
8268.822945
8267.607217
8266.453315
8265.356190
8264.311346
8263.314771
8262.362867
8261.452402
8260.580463
8259.744417
8258.941875
8258.170671
8257.428830
8256.714548
8256.026174
8255.362196
8254.721221
8254.101969
8253.503257
8252.923993
8252.363165
8251.819826
8251.293096
8250.782160
8250.286260
8249.804695
8249.336808
8248.881984
8248.439649
8248.009260
8247.590309
8247.182316
8246.784830
8246.397423
8246.019693
8245.651259
8245.291761
8244.940859
8244.598232
8244.263564
8243.936558
8243.616936
8243.304432
8242.998800
8242.699804
8242.407221
8242.120839
8241.840456
8241.565878
8241.296922
8241.033412
8240.775179
8240.522061
8240.273905
8240.030561
8239.791888
8239.557747
8239.328010
8239.102548
8238.881242
8238.663971
8238.450619
8238.241071
8238.035219
8237.832965
8237.634213
8237.438874
8237.246859
8237.058086
8236.872472
8236.689940
8236.510412
8236.333816
8236.160079
8235.989133
8235.820910
8235.655346
8235.492378
8235.331946
8235.173990
8235.018454
8234.865282
8234.714421
8234.565819
8234.419426
8234.275192
8234.133072
8233.993018
8233.854987
8233.718934
8233.584819
8233.452600
8233.322238
8233.193695
8233.066932
8232.941914
8232.818606
8232.696974
8232.576983
8232.458603
8232.341800
8232.226545
8232.112807
8232.000558
8231.889770
8231.780414
8231.672465
8231.565895
8231.460679
8231.356793
8231.254213
8231.152921
8231.052890
8230.954092
8230.856500
8230.760089
8230.664840
8230.570731
8230.477743
8230.385858
8230.295053
8230.205314
8230.116623
8230.028960
8229.942308
8229.856650
8229.771969
8229.688250
8229.605476
8229.523635
8229.442711
8229.362690
8229.283558
8229.205301
8229.127899
8229.051357
8228.975652
8228.900764
8228.826676
8228.753375
8228.680850
8228.609090
8228.538085
8228.467826
8228.398301
8228.329486
8228.261370
8228.193946
8228.127206
8228.061139
8227.995738
8227.930996
8227.866905
8227.803456
8227.740644
8227.678459
8227.616895
8227.555944
8227.495601
8227.435856
8227.376700
8227.318126
8227.260124
8227.202669
8227.145781
8227.089451
8227.033664
8226.978409
8226.923677
8226.869462
8226.815757
8226.762557
8226.709907
8226.657745
8226.606052
8226.554868
8226.504155
8226.453886
8226.404054
8226.354660
8226.305702
8226.257179
8226.209089
8226.161428
8226.114194
8226.067384
8226.020994
8225.975021
8225.929461
8225.884310
8225.839564
8225.795222
8225.751279
8225.707737
8225.664594
8225.621844
8225.579482
8225.537502
8225.495897
8225.454664
8225.413797
8225.373291
8225.333143
8225.293350
8225.253908
8225.214816
8225.176069
8225.137666
8225.099603
8225.061877
8225.024487
8224.987432
8224.950706
8224.914308
8224.878241
8224.842501
8224.807089
8224.772002
8224.737237
8224.702791
8224.668663
8224.634853
8224.601439
8224.568348
8224.535554
8224.503044
8224.470817
8224.438871
8224.407208
8224.375827
8224.344729
8224.313915
8224.283385
8224.253138
8224.223176
8224.193489
8224.164076
8224.134944
8224.106089
8224.077511
8224.049208
8224.021181
8223.993429
8223.965953
8223.938752
8223.911828
8223.885180
8223.858809
8223.832716
8223.806901
8223.781366
8223.756110
8223.731135
8223.706441
8223.682030
8223.657903
8223.634060
8223.609770
8223.584898
8223.559740
8223.534462
8223.509158
8223.483888
8223.458690
8223.433587
8223.408597
8223.383731
8223.358998
8223.334404
8223.309953
8223.285649
8223.261495
8223.237492
8223.213643
8223.189948
8223.166409
8223.143025
8223.119797
8223.096726
8223.073810
8223.051051
8223.028447
8223.005999
8222.983702
8222.961557
8222.939565
8222.917724
8222.896034
8222.874494
8222.853103
8222.831861
8222.810766
8222.789818
8222.769016
8222.748359
8222.727850
8222.707480
8222.687245
8222.667144
8222.647176
8222.627342
8222.607641
8222.588073
8222.568637
8222.549333
8222.530160
8222.511117
8222.492203
8222.473417
8222.454772
8222.436339
8222.418066
8222.399924
8222.381897
8222.363979
8222.346166
8222.328455
8222.310844
8222.293334
8222.275923
8222.258610
8222.241394
8222.224275
8222.207254
8222.190329
8222.173501
8222.156768
8222.140130
8222.123586
8222.107137
8222.090782
8222.074520
8222.058350
8222.042273
8222.026288
8222.010394
8221.994592
8221.978880
8221.963255
8221.947721
8221.932277
8221.916924
8221.901659
8221.886484
8221.871396
8221.856395
8221.841481
8221.826654
8221.811913
8221.797258
8221.782688
8221.768203
8221.753804
8221.739489
8221.725259
8221.711113
8221.697052
8221.683075
8221.669181
8221.655371
8221.641643
8221.627998
8221.614436
8221.600955
8221.587556
8221.574238
8221.561001
8221.547844
8221.534768
8221.521771
8221.508853
8221.496014
8221.483254
8221.470572
8221.457969
8221.445443
8221.432994
8221.420621
8221.408323
8221.396100
8221.383952
8221.371877
8221.359876
8221.347948
8221.336092
8221.324308
8221.312596
8221.300954
8221.289383
8221.277881
8221.266449
8221.255085
8221.243790
8221.232562
8221.221402
8221.210314
8221.199298
8221.188350
8221.177453
8221.166615
8221.155842
8221.145136
8221.134497
8221.123925
8221.113418
8221.102977
8221.092581
8221.082239
8221.071956
8221.061733
8221.051572
8221.041472
8221.031413
8221.021396
8221.011436
8221.001541
8220.991714
8220.981952
8220.972254
8220.962615
8220.953031
8220.943497
8220.934011
8220.924566
8220.915160
8220.905790
8220.896451
8220.887141
8220.877858
8220.868597
8220.859358
8220.850137
8220.840932
8220.831741
8220.822562
8220.813392
8220.804230
8220.795074
8220.785934
8220.776781
8220.767664
8220.758695
8220.749849
8220.741107
8220.732454
8220.723875
8220.715359
8220.706897
8220.698481
8220.690104
8220.681762
8220.673449
8220.665162
8220.656898
8220.648654
8220.640427
8220.632217
8220.624100
8220.616137
8220.608297
8220.600559
8220.592908
8220.585333
8220.577825
8220.570378
8220.562987
8220.555649
8220.548362
8220.541123
8220.533930
8220.526780
8220.519673
8220.512606
8220.505580
8220.498593
8220.491644
8220.484734
8220.477862
8220.471027
8220.464229
8220.457468
8220.450743
8220.444055
8220.437402
8220.430785
8220.424204
8220.417658
8220.411147
8220.404672
8220.398232
8220.391826
8220.385455
8220.379119
8220.372819
8220.366555
8220.360325
8220.354127
8220.347962
8220.341830
8220.335730
8220.329654
8220.323605
8220.317586
8220.311597
8220.305638
8220.299710
8220.293810
8220.287939
8220.282095
8220.276279
8220.270485
8220.264715
8199.576426
