0.001000
0.002000
0.003000
0.004000
0.005000
0.006000
0.008000
0.012000
0.020000
0.036000
0.068000
0.132000
0.260000
0.516000
1.028000
2.052000
4.100000
6.148000
8.196000
10.244000
12.292000
14.340000
16.388000
18.436000
20.484000
22.532000
24.580000
26.628000
28.676000
30.724000
32.772000
34.820000
36.868000
38.916000
40.964000
43.012000
45.060000
47.108000
49.156000
51.204000
53.252000
55.300000
57.348000
59.396000
61.444000
63.492000
65.540000
67.588000
69.636000
71.684000
73.732000
75.780000
77.828000
79.876000
81.924000
83.972000
86.020000
88.068000
90.116000
92.164000
94.212000
96.000000
98.000000
100.000000
102.000000
104.000000
106.000000
108.000000
110.000000
112.000000
114.000000
116.000000
118.000000
120.000000
122.000000
124.000000
126.000000
128.000000
130.000000
132.000000
134.000000
136.000000
138.000000
140.000000
142.000000
144.000000
146.000000
148.000000
150.000000
152.000000
154.000000
156.000000
158.000000
160.000000
162.000000
164.000000
166.000000
168.000000
170.000000
172.000000
174.000000
176.000000
178.000000
180.000000
182.000000
184.000000
186.000000
188.000000
190.000000
192.000000
194.000000
196.000000
198.000000
200.000000
202.000000
204.000000
206.000000
208.000000
210.000000
212.000000
214.000000
216.000000
218.000000
220.000000
222.000000
224.000000
226.000000
228.000000
230.000000
232.000000
234.000000
236.000000
238.000000
240.000000
242.000000
244.000000
246.000000
248.000000
250.000000
252.000000
254.000000
256.000000
258.000000
260.000000
262.000000
264.000000
266.000000
268.000000
270.000000
272.000000
274.000000
276.000000
278.000000
280.000000
282.000000
284.000000
286.000000
288.000000
290.000000
292.000000
294.000000
296.000000
298.000000
300.000000
302.000000
304.000000
306.000000
308.000000
310.000000
312.000000
314.000000
316.000000
318.000000
320.000000
322.000000
324.000000
326.000000
328.000000
330.000000
332.000000
334.000000
336.000000
338.000000
340.000000
342.000000
344.000000
346.000000
348.000000
350.000000
352.000000
354.000000
356.000000
358.000000
360.000000
362.000000
364.000000
366.000000
368.000000
370.000000
372.000000
374.000000
376.000000
378.000000
380.000000
382.000000
384.000000
386.000000
388.000000
390.000000
392.000000
394.000000
396.000000
398.000000
418.000000
438.000000
458.000000
478.000000
498.000000
518.000000
538.000000
558.000000
578.000000
598.000000
618.000000
638.000000
658.000000
678.000000
698.000000
718.000000
738.000000
758.000000
778.000000
798.000000
818.000000
838.000000
858.000000
878.000000
898.000000
918.000000
938.000000
958.000000
978.000000
998.000000
1018.000000
1038.000000
1058.000000
1078.000000
1098.000000
1118.000000
1138.000000
1158.000000
1178.000000
1198.000000
1218.000000
1238.000000
1258.000000
1278.000000
1298.000000
1318.000000
1338.000000
1358.000000
1378.000000
1398.000000
1418.000000
1438.000000
1458.000000
1478.000000
1498.000000
1518.000000
1538.000000
1558.000000
1578.000000
1598.000000
1618.000000
1638.000000
1658.000000
1678.000000
1698.000000
1718.000000
1738.000000
1758.000000
1778.000000
1798.000000
1818.000000
1838.000000
1858.000000
1878.000000
1898.000000
1918.000000
1938.000000
1958.000000
1978.000000
1998.000000
2018.000000
2038.000000
2058.000000
2078.000000
2098.000000
2118.000000
2138.000000
2158.000000
2178.000000
2198.000000
2218.000000
2238.000000
2258.000000
2278.000000
2298.000000
2318.000000
2338.000000
2358.000000
2378.000000
2398.000000
2418.000000
2438.000000
2458.000000
2478.000000
2498.000000
2518.000000
2538.000000
2558.000000
2578.000000
2598.000000
2618.000000
2638.000000
2658.000000
2678.000000
2698.000000
2718.000000
2738.000000
2758.000000
2778.000000
2798.000000
2818.000000
2838.000000
2858.000000
2878.000000
2898.000000
2918.000000
2938.000000
2958.000000
2978.000000
2998.000000
3018.000000
3038.000000
3058.000000
3078.000000
3098.000000
3118.000000
3138.000000
3158.000000
3178.000000
3198.000000
3218.000000
3238.000000
3258.000000
3278.000000
3298.000000
3318.000000
3338.000000
3358.000000
3378.000000
3398.000000
3418.000000
3438.000000
3458.000000
3478.000000
3498.000000
3518.000000
3538.000000
3558.000000
3578.000000
3598.000000
3618.000000
3638.000000
3658.000000
3678.000000
3698.000000
3718.000000
3738.000000
3758.000000
3778.000000
3798.000000
3818.000000
3838.000000
3858.000000
3878.000000
3898.000000
3918.000000
3938.000000
3958.000000
3978.000000
3998.000000
4018.000000
4038.000000
4058.000000
4078.000000
4098.000000
4118.000000
4138.000000
4158.000000
4178.000000
4198.000000
4218.000000
4238.000000
4258.000000
4278.000000
4298.000000
4318.000000
4338.000000
4358.000000
4378.000000
4398.000000
4418.000000
4438.000000
4458.000000
4478.000000
4498.000000
4518.000000
4538.000000
4558.000000
4578.000000
4598.000000
4618.000000
4638.000000
4658.000000
4678.000000
4698.000000
4718.000000
4738.000000
4758.000000
4778.000000
4798.000000
4818.000000
4838.000000
4858.000000
4878.000000
4898.000000
4918.000000
4938.000000
4958.000000
4978.000000
4998.000000
5018.000000
5038.000000
5058.000000
5078.000000
5098.000000
5118.000000
5138.000000
5158.000000
5178.000000
5198.000000
5218.000000
5238.000000
5258.000000
5278.000000
5298.000000
5318.000000
5338.000000
5358.000000
5378.000000
5398.000000
5418.000000
5438.000000
5458.000000
5478.000000
5498.000000
5518.000000
5538.000000
5558.000000
5578.000000
5598.000000
5618.000000
5638.000000
5658.000000
5678.000000
5698.000000
5718.000000
5738.000000
5758.000000
5778.000000
5798.000000
5818.000000
5838.000000
5858.000000
5878.000000
5898.000000
5918.000000
5938.000000
5958.000000
5978.000000
5998.000000
6018.000000
6038.000000
6058.000000
6078.000000
6098.000000
6118.000000
6138.000000
6158.000000
6178.000000
6198.000000
6218.000000
6238.000000
6258.000000
6278.000000
6298.000000
6318.000000
6338.000000
6358.000000
6378.000000
6398.000000
6418.000000
6438.000000
6458.000000
6478.000000
6498.000000
6518.000000
6538.000000
6558.000000
6578.000000
6598.000000
6618.000000
6638.000000
6658.000000
6678.000000
6698.000000
6718.000000
6738.000000
6758.000000
6778.000000
6798.000000
6818.000000
6838.000000
6858.000000
6878.000000
6898.000000
6918.000000
6938.000000
6958.000000
6978.000000
6998.000000
7018.000000
7038.000000
7058.000000
7078.000000
7098.000000
7118.000000
7138.000000
7158.000000
7178.000000
7198.000000
7218.000000
7238.000000
7258.000000
7278.000000
7298.000000
7318.000000
7338.000000
7358.000000
7378.000000
7398.000000
7418.000000
7438.000000
7458.000000
7478.000000
7498.000000
7518.000000
7538.000000
7558.000000
7578.000000
7598.000000
7618.000000
7638.000000
7658.000000
7678.000000
7698.000000
7718.000000
7738.000000
7758.000000
7778.000000
7798.000000
7818.000000
7838.000000
7858.000000
7878.000000
7898.000000
7918.000000
7938.000000
7958.000000
7978.000000
7998.000000
8018.000000
8038.000000
8058.000000
8078.000000
8098.000000
8118.000000
8138.000000
8158.000000
8178.000000
8198.000000
8218.000000
8238.000000
8258.000000
8278.000000
8298.000000
8318.000000
8338.000000
8358.000000
8378.000000
8398.000000
8418.000000
8438.000000
8458.000000
8478.000000
8498.000000
8518.000000
8538.000000
8558.000000
8578.000000
8598.000000
8618.000000
8638.000000
8658.000000
8678.000000
8698.000000
8718.000000
8738.000000
8758.000000
8778.000000
8798.000000
8818.000000
8838.000000
8858.000000
8878.000000
8898.000000
8918.000000
8938.000000
8958.000000
8978.000000
8998.000000
9018.000000
9038.000000
9058.000000
9078.000000
9098.000000
9118.000000
9138.000000
9158.000000
9178.000000
9198.000000
9218.000000
9238.000000
9258.000000
9278.000000
9298.000000
9318.000000
9338.000000
9358.000000
9378.000000
9398.000000
9418.000000
9438.000000
9458.000000
9478.000000
9498.000000
9518.000000
9538.000000
9558.000000
9578.000000
9598.000000
9618.000000
9638.000000
9658.000000
9678.000000
9698.000000
9718.000000
9738.000000
9758.000000
9778.000000
9798.000000
9818.000000
9838.000000
9858.000000
9878.000000
9898.000000
9918.000000
9938.000000
9958.000000
9978.000000
9998.000000
10018.000000
10038.000000
10058.000000
10078.000000
10098.000000
10118.000000
10138.000000
10158.000000
10178.000000
10198.000000
10218.000000
10238.000000
10258.000000
10278.000000
10298.000000
10318.000000
10338.000000
10358.000000
10378.000000
10398.000000
10418.000000
10438.000000
10458.000000
10478.000000
10498.000000
10518.000000
10538.000000
10558.000000
10578.000000
10598.000000
10618.000000
10638.000000
10658.000000
10678.000000
10698.000000
10718.000000
10738.000000
10758.000000
10778.000000
10798.000000
10818.000000
10838.000000
10858.000000
10878.000000
10898.000000
10918.000000
