8214.558760
8215.117520
8215.676281
8216.235041
8216.793801
8217.352561
8218.470082
8220.705122
8225.175204
8234.115366
8251.995690
8287.756332
8359.277595
8502.320040
8788.489637
9357.160955
10487.575246
11157.182176
10215.475085
11110.341331
10640.653279
10459.514040
11082.146076
10164.772601
10306.741878
9735.422845
9854.785046
9649.571822
9726.401526
9725.862886
9600.701635
9564.375919
9551.694187
9523.695785
9492.373836
9495.673880
9521.379130
9528.486953
9524.121398
9471.230403
9429.789575
9425.083847
9434.702172
9444.617992
9435.276380
9422.228111
9425.970785
9416.449128
9428.732362
9410.300062
9389.853068
9389.722646
9399.652827
9384.260781
9360.998416
9369.722465
9367.866649
9375.885846
9383.806095
9379.838931
9372.529548
9362.098299
9175.538694
9026.140753
8817.167508
8726.208069
8672.075280
8633.837321
8604.464087
8580.741194
8560.914326
8543.923934
8529.091004
8515.961816
8504.221331
8493.641919
8484.052316
8475.318658
8467.332801
8460.005016
8453.259354
8447.030587
8441.262139
8435.904606
8430.914657
8426.254181
8421.889590
8417.791250
8413.932983
8410.291650
8406.846778
8403.580240
8400.475967
8397.519704
8394.698787
8392.001949
8389.419156
8386.941453
8384.560840
8382.270151
8380.062959
8377.933489
8375.876537
8373.887408
8371.961855
8370.096029
8368.286430
8366.529873
8364.823452
8363.164508
8361.550600
8359.979490
8358.449113
8356.957563
8355.503080
8354.084028
8352.698890
8351.346251
8350.024795
8348.733289
8347.470578
8346.235580
8345.027278
8343.844713
8342.686982
8341.553231
8340.442654
8339.354486
8338.288002
8337.242512
8336.217361
8335.211925
8334.225609
8333.257845
8332.308090
8331.375826
8330.460555
8329.561802
8328.679109
8327.812039
8326.960171
8326.123099
8325.300436
8324.491805
8323.696845
8322.915210
8322.146563
8321.390580
8320.646949
8319.915367
8319.195544
8318.487195
8317.790050
8317.103842
8316.428317
8315.763227
8315.108331
8314.463397
8313.828200
8313.202520
8312.586145
8311.978869
8311.380493
8310.790821
8310.209666
8309.636844
8309.072177
8308.515491
8307.966618
8307.425395
8306.891663
8306.365265
8305.846052
8305.333876
8304.828595
8304.330069
8303.838164
8303.352745
8302.873686
8302.400861
8301.934147
8301.473425
8301.018579
8300.569497
8300.126067
8299.688181
8299.255735
8298.828626
8298.406754
8297.990021
8297.578333
8297.171595
8296.769717
8296.372610
8295.980188
8295.592366
8295.209061
8294.830192
8294.455681
8294.085451
8293.719425
8293.357531
8292.999696
8292.645850
8292.295925
8291.949852
8291.607565
8291.269002
8290.934098
8290.602792
8290.275023
8289.950733
8289.629865
8288.359714
8287.631357
8287.117571
8286.699126
8286.329707
