8214.558703
8215.117406
8215.676109
8216.234812
8216.793515
8217.352218
8218.469623
8220.704435
8225.174059
8234.113305
8251.991796
8287.748774
8359.262708
8502.290494
8788.430995
9357.039485
10487.374858
11161.345852
10212.564581
11107.291580
10641.977614
10445.063152
10346.011136
10169.176952
10052.487513
10049.623376
9915.363946
9941.469891
9735.183522
9486.450188
9365.362516
9259.191375
9232.231349
9232.131198
9221.472040
9224.957441
9204.641888
9206.532050
9207.404945
9221.897183
9240.445885
9259.628850
9277.870087
9301.193718
9325.344585
9347.812702
9366.445155
9392.100126
9418.100795
9432.132394
9458.528763
9484.484404
9491.660806
9515.531159
9527.113826
9543.474976
9553.543253
9566.090653
9551.708905
9554.345479
9564.223669
9543.604141
9543.165236
9481.707180
9483.208243
9481.602104
9466.703984
9465.224254
9446.432646
9444.670856
9441.898734
9403.668637
9374.785204
9354.772760
9339.407451
9327.013607
9316.716353
9307.987549
9300.475748
9293.934373
9288.184319
9282.948916
9278.310185
9274.180842
9270.482756
9267.153863
9264.144421
9261.415624
9258.934249
9256.656384
9254.585284
9252.690897
9250.955868
9249.364961
9247.904732
9246.563345
9245.330247
9244.196009
9243.152167
9242.191099
9241.305914
9240.490361
9239.738762
9239.045942
9238.407178
9237.818153
9237.274912
9236.773831
9236.311586
9235.885124
9235.491636
9235.128542
9234.793467
9234.484224
9234.198801
9233.935343
9233.692140
9233.467617
9233.260324
9233.068921
9232.892174
9232.728945
9232.578184
9232.438924
9232.310272
9232.191403
9232.081560
9231.980040
9231.886198
9231.799437
9231.719208
9231.645003
9231.576354
9231.512830
9231.454032
9231.399593
9231.349175
9231.302464
9231.259172
9231.219034
9231.181805
9231.147257
9231.115182
9231.085388
9231.057698
9231.031947
9231.007985
9230.985672
9230.964879
9230.945489
9230.927392
9230.910487
9230.894681
9230.879888
9230.866031
9230.853034
9230.840832
9230.829362
9230.818568
9230.808395
9230.798797
9230.789727
9230.781145
9230.773012
9230.765293
9230.757956
9230.750971
9230.744310
9230.737948
9230.731862
9230.726029
9230.720431
9230.715047
9230.709863
9230.704861
9230.700028
9230.695350
9230.690815
9230.686411
9230.682130
9230.677959
9230.673892
9230.669919
9230.666034
9230.662229
9230.658497
9230.654834
9230.651233
9230.647690
9230.644200
9230.640758
9230.637362
9230.634006
9230.630688
9230.627406
9230.624155
9230.620933
9230.617739
9230.614569
9230.611422
9230.608296
9230.605189
9230.602099
9230.599026
9230.595967
9230.592922
9230.589890
9230.586868
9230.583857
9230.580855
9230.577862
9230.574877
9230.571899
9230.564852
9230.559054
9230.553455
9230.547970
9230.542574
