8219.583853
8225.167705
8230.751558
8236.335410
8241.919262
8247.503114
8258.670818
8281.006223
8325.677026
8415.018599
8593.701617
8951.067140
9665.796132
10380.515456
11710.072996
13131.781717
13137.931437
12532.967314
12550.203643
12574.381220
12597.579206
12595.845434
12578.676552
12555.352145
12500.121844
12447.839544
12400.107480
12319.747283
12252.664040
12195.566661
12107.619981
12036.771034
11977.507679
11887.301977
11814.462512
11752.492744
11653.334697
11568.252870
11421.316455
11286.122182
11223.792959
11113.970393
11035.653620
10997.840725
11018.143395
11072.614137
11121.872018
11161.154905
11191.954768
11220.147797
11247.541662
11274.619567
11303.949503
11357.177861
11377.387652
11394.175823
11406.015170
11407.148112
11388.568557
11347.371150
11296.860132
11258.995274
11242.670852
11243.869812
11279.393104
11458.311349
11506.377484
11829.486080
12841.328430
11889.035932
11876.092888
11784.960273
12143.547808
11514.222039
11509.518573
11550.749780
11297.939699
11197.894977
11249.581585
11074.108987
11148.464665
11124.738444
11119.846982
11181.975058
11200.800941
11173.381013
11162.319608
11139.101766
11095.525362
11087.447901
11038.694877
11052.988939
11066.796262
11055.627118
11043.155634
11070.964556
11085.671936
11063.085127
11057.445153
11082.179231
11038.713068
11048.935446
11058.054308
11079.282478
11062.885107
11065.841169
11025.261703
11040.953357
11024.027216
11030.509458
11015.436715
10992.849693
11005.703710
10999.123927
10992.250149
10976.228227
10978.751694
10966.882771
10935.543714
10903.248051
10886.093140
10869.601323
10857.241011
10837.976113
10823.916669
10811.258222
10800.509242
10789.980386
10780.320387
10771.213499
10762.394270
10753.238866
10744.460559
10736.012625
10727.857197
10719.988402
10712.425373
10704.866335
10697.319489
10689.928994
10681.919687
10673.628408
10664.262990
10654.749627
10644.636186
10635.139824
10627.038075
10620.563090
10614.621752
10601.155274
10585.640809
10572.035347
10556.860202
10537.670606
10503.630936
10461.136278
10411.969427
10358.681924
10305.727185
10253.559097
10203.265445
10155.650386
10110.669693
10068.204435
10028.101606
9990.231212
9954.470616
9920.703561
9888.819890
9858.715276
9830.290956
9803.453471
9778.114406
9754.190149
9731.601650
9710.274187
9690.137152
9671.123830
9653.171201
9636.219742
9620.213242
9605.098624
9590.825775
9577.347386
9564.618800
9552.597864
9541.244793
9530.522038
9520.394162
9510.827725
9501.791168
9493.254713
9485.190260
9477.571293
9470.372792
9463.571149
9457.144087
9451.070589
9445.330820
9439.906066
9434.778669
9429.931967
9425.350237
9421.018644
9416.923189
9413.050662
9409.388597
9405.925231
9402.649464
9399.550821
9396.619416
9393.845920
9391.221529
9388.737933
9386.387292
9384.162204
9382.055684
9380.061140
9378.172349
9376.383438
9374.688864
9373.083395
9371.562091
9370.120291
9368.753593
9367.457844
9366.229121
9365.063724
9363.958156
9362.909120
9361.913499
9360.968354
9360.070908
9359.218539
9358.408774
9357.639275
9356.907836
9356.212374
9355.550921
9354.921621
9354.322719
9353.752559
9353.209576
9352.692295
9352.199318
9351.729330
9351.281086
9350.853410
9350.445193
9350.055386
9349.683000
9349.327097
9348.986796
9348.661261
9348.349703
9348.051378
9347.765582
9347.491649
9347.228952
9346.976896
9346.734920
9346.502495
9346.279119
9346.064318
9345.857646
9345.658679
9345.467017
9345.282281
9342.889814
9340.637528
9338.525705
9336.552773
9334.715771
