8214.558545
8215.117089
8215.675633
8216.234178
8216.792722
8217.351267
8218.468356
8220.702534
8225.170889
8234.107600
8251.981020
8287.727855
8359.221504
8502.207591
8788.179604
9360.821888
10508.162026
10735.637720
11055.207078
11294.126462
11357.599485
11422.897356
10534.250528
10445.404373
10328.304071
10242.236007
10133.587488
10054.761066
9954.460741
9882.169801
9786.848239
9714.913046
9620.322689
9561.721646
9545.987217
9561.837543
9599.491460
9618.768859
9620.593626
9612.633223
9616.445641
9644.201789
9723.699290
9840.450658
9905.247184
10085.459549
10826.092463
10649.731686
10811.369813
10862.707923
10656.393935
10375.458697
10380.377909
10089.734194
9852.535282
9858.193646
9748.059674
9751.242779
9627.001649
9652.596243
9622.375432
9592.271253
9552.081085
9512.658220
9485.140722
9457.862721
9438.416190
9419.810731
9405.764020
9393.097554
9385.927130
9380.469124
9377.965183
9379.582720
9376.402596
9376.021814
9374.759473
9373.641440
9372.462585
9371.298462
9368.649329
9363.143925
9362.133731
9361.544157
9361.737340
9365.350954
9366.011620
9367.477067
9364.560188
9366.751797
9368.938764
9376.529458
9386.095876
9396.683310
9408.137065
9420.109800
9429.543301
9440.623292
9448.765269
9461.138632
9473.929873
9486.855746
9499.852379
9512.922755
9526.055872
9539.238310
9552.461374
9565.717570
9579.000975
9592.305005
9605.623795
9618.945097
9628.051349
9633.143408
9634.736491
9633.756512
9631.692267
9630.326647
9608.023425
9606.643927
9600.342998
9594.201553
9570.303750
9567.467890
9564.744947
9562.415597
9548.250753
9547.221022
9546.728587
9534.675674
9534.346753
9534.278360
9533.990446
9524.041404
9520.651859
9520.124105
9520.021061
9519.833309
9511.500656
9511.028116
9510.892913
9510.058937
9495.041527
9494.124454
9494.048177
9493.984335
9493.429593
9488.124467
9486.408623
9483.473864
9482.106475
9471.518759
9469.402575
9468.628308
9467.533749
9465.997337
9462.137262
9460.322998
9458.783964
9452.759394
9450.922859
9450.112097
9449.525512
9446.705169
9445.908961
9445.615597
9445.508965
9445.434601
9444.530080
9444.200974
9443.962540
9443.752379
9443.562497
9443.390712
9443.234995
9443.089772
9442.938954
9442.657078
9441.816673
9441.126270
9440.565119
9440.147913
9439.862146
9439.676092
9439.556150
9439.476804
9439.421751
9439.381393
9439.350262
9439.325242
9439.304514
9439.286964
9439.271868
9439.258724
9439.247155
9439.236863
9439.227595
9439.219048
9439.210713
9439.201413
9439.184680
9439.151048
9438.965076
9438.444247
9438.036742
9437.706639
9437.432739
9437.214064
9437.048883
9436.930099
9436.847774
9436.792061
9436.754796
9436.729888
9436.713075
9436.701499
9436.693288
9436.687233
9436.682563
9436.678783
9436.675580
9436.672754
9436.670176
9436.667763
9436.665461
9436.663235
9436.661062
9436.658927
9436.656818
9436.654728
9436.652653
9436.650588
9436.648531
9436.646480
9436.644434
9436.642392
9436.640352
9436.638315
9436.636279
9436.634245
9436.632212
9436.630179
9436.628148
9436.626116
9436.624086
9436.622055
9436.620025
9436.617995
9436.615966
9436.613936
9436.611907
9436.609877
9436.607848
9436.605819
9436.603790
9436.601761
9436.599732
9436.597703
9436.595674
9436.593645
9436.591616
9436.589587
9436.587558
9436.585529
9436.583500
9436.581471
9436.579442
9436.574562
9436.570385
9436.566256
9436.562168
9436.558118
