0.001000
0.002000
0.003000
0.004000
0.005000
0.006000
0.008000
0.012000
0.020000
0.036000
0.068000
0.132000
0.260000
0.516000
1.028000
2.052000
4.100000
4.304800
4.509600
4.511648
4.513696
4.517792
4.521888
4.525984
4.534176
4.542368
4.558752
4.575136
4.607904
4.640672
4.706208
4.771744
4.902816
5.033888
5.164960
5.296032
5.558176
5.820320
6.082464
6.344608
6.606752
6.868896
7.393184
7.917472
8.966048
10.014624
12.111776
14.208928
16.306080
18.403232
20.500384
22.597536
24.694688
26.791840
28.888992
30.986144
33.083296
33.293011
33.502726
33.523698
33.544669
33.565641
33.607584
33.691470
33.775356
33.943128
34.110900
34.446445
34.781989
35.453078
36.124166
37.466344
38.808521
40.150698
41.492876
42.835053
44.177230
45.519407
46.861585
48.203762
49.545939
50.888116
52.230294
53.572471
54.914648
56.256826
57.599003
58.941180
60.283357
61.625535
62.967712
64.309889
65.652067
66.994244
68.336421
69.678598
71.020776
72.362953
73.705130
75.047308
76.389485
77.731662
79.073839
80.416017
81.758194
83.100371
84.442548
85.784726
87.126903
88.469080
89.811258
91.153435
92.495612
93.837789
95.179967
96.000000
98.000000
100.000000
102.000000
104.000000
106.000000
108.000000
110.000000
112.000000
114.000000
116.000000
118.000000
120.000000
122.000000
124.000000
126.000000
128.000000
130.000000
132.000000
134.000000
136.000000
138.000000
140.000000
142.000000
144.000000
146.000000
148.000000
150.000000
152.000000
154.000000
156.000000
158.000000
160.000000
162.000000
164.000000
166.000000
168.000000
170.000000
172.000000
174.000000
176.000000
178.000000
180.000000
182.000000
184.000000
186.000000
188.000000
190.000000
192.000000
194.000000
196.000000
198.000000
200.000000
202.000000
204.000000
206.000000
208.000000
210.000000
212.000000
214.000000
216.000000
218.000000
220.000000
222.000000
224.000000
226.000000
228.000000
230.000000
232.000000
234.000000
236.000000
238.000000
240.000000
242.000000
244.000000
246.000000
248.000000
250.000000
252.000000
254.000000
256.000000
258.000000
260.000000
262.000000
264.000000
266.000000
268.000000
270.000000
272.000000
274.000000
276.000000
278.000000
280.000000
282.000000
284.000000
286.000000
288.000000
290.000000
292.000000
294.000000
296.000000
298.000000
300.000000
302.000000
304.000000
306.000000
308.000000
310.000000
312.000000
314.000000
316.000000
318.000000
320.000000
322.000000
324.000000
326.000000
328.000000
330.000000
332.000000
334.000000
336.000000
338.000000
340.000000
342.000000
344.000000
346.000000
348.000000
350.000000
352.000000
354.000000
356.000000
358.000000
360.000000
362.000000
364.000000
366.000000
368.000000
370.000000
372.000000
374.000000
376.000000
378.000000
380.000000
382.000000
384.000000
386.000000
388.000000
390.000000
392.000000
394.000000
396.000000
398.000000
400.000000
402.000000
404.000000
406.000000
408.000000
