0.010000
0.020000
0.030000
0.040000
0.050000
0.060000
0.080000
0.120000
0.200000
0.360000
0.680000
1.320000
2.600000
3.880000
5.160000
6.440000
6.440128
6.440256
6.440384
6.440640
6.441152
6.442176
6.443200
6.444224
6.446272
6.448320
6.450368
6.454464
6.458560
6.462656
6.470848
6.479040
6.487232
6.503616
6.520000
6.536384
6.569152
6.601920
6.667456
6.732992
6.765760
6.831296
6.896832
6.962368
7.093440
7.224512
7.355584
7.486656
7.617728
7.748800
7.879872
8.010944
8.142016
8.404160
8.535232
8.666304
8.797376
8.928448
9.059520
9.190592
9.321664
9.452736
9.583808
9.845952
10.108096
10.632384
11.680960
12.729536
14.826688
16.923840
19.020992
21.118144
23.215296
23.425011
23.634726
24.054157
24.893018
25.731878
27.409600
29.087322
30.765043
32.442765
34.120486
35.798208
37.475930
39.153651
40.831373
42.509094
44.186816
45.864538
47.542259
49.219981
50.897702
52.575424
54.253146
55.930867
57.608589
59.286310
60.964032
62.641754
64.319475
65.997197
67.674918
69.352640
71.030362
72.708083
74.385805
76.063526
77.741248
79.418970
81.096691
82.774413
84.452134
86.129856
87.807578
89.485299
90.000000
92.000000
94.000000
96.000000
98.000000
100.000000
102.000000
104.000000
106.000000
108.000000
110.000000
112.000000
114.000000
116.000000
118.000000
120.000000
122.000000
124.000000
126.000000
128.000000
130.000000
132.000000
134.000000
136.000000
138.000000
140.000000
142.000000
144.000000
146.000000
148.000000
150.000000
152.000000
154.000000
156.000000
158.000000
160.000000
162.000000
164.000000
166.000000
168.000000
170.000000
172.000000
174.000000
176.000000
178.000000
180.000000
182.000000
184.000000
186.000000
188.000000
190.000000
192.000000
194.000000
196.000000
198.000000
200.000000
202.000000
204.000000
206.000000
208.000000
210.000000
212.000000
214.000000
216.000000
218.000000
220.000000
222.000000
224.000000
226.000000
228.000000
230.000000
232.000000
234.000000
236.000000
238.000000
240.000000
242.000000
244.000000
246.000000
248.000000
250.000000
252.000000
254.000000
256.000000
258.000000
260.000000
262.000000
264.000000
266.000000
268.000000
270.000000
272.000000
274.000000
276.000000
278.000000
280.000000
282.000000
284.000000
286.000000
288.000000
290.000000
292.000000
294.000000
296.000000
298.000000
300.000000
302.000000
304.000000
306.000000
308.000000
310.000000
312.000000
314.000000
316.000000
318.000000
320.000000
322.000000
324.000000
326.000000
328.000000
330.000000
332.000000
334.000000
336.000000
338.000000
340.000000
342.000000
344.000000
346.000000
348.000000
350.000000
352.000000
354.000000
356.000000
358.000000
360.000000
362.000000
364.000000
366.000000
368.000000
370.000000
372.000000
374.000000
376.000000
378.000000
380.000000
382.000000
384.000000
386.000000
388.000000
390.000000
392.000000
394.000000
396.000000
398.000000
400.000000
402.000000
