8214.558703
8215.117406
8215.676109
8216.234812
8216.793515
8217.352218
8218.469623
8220.704435
8225.174059
8234.113305
8251.991796
8287.748774
8359.262708
8502.290494
8788.430995
9357.039485
10487.374858
11161.345852
10212.564581
11107.291580
10641.977614
10445.063152
10346.011136
10169.176952
10052.487513
10049.623376
9915.363946
9941.469891
9735.183522
9616.055330
9477.220087
9373.928545
9316.743785
9292.973592
9252.765525
9237.508112
9226.980250
9199.595380
9181.748232
9175.019373
9167.620745
9169.981394
9169.502069
9166.772028
9163.561711
9166.760328
9169.577197
9174.958888
9183.205143
9193.642360
9208.530588
9225.503470
9243.708294
9262.970652
9282.960877
9303.297269
9318.695639
9336.122661
9356.458393
9375.623764
9388.558908
9408.870473
9415.601175
9434.924029
9453.508047
9473.428821
9482.682919
9502.094111
9502.319001
9520.309522
9528.331622
9540.151149
9527.987130
9519.640903
9535.884224
9545.126381
9517.949263
9515.994603
9472.827098
9209.540959
9047.116071
8847.007466
8754.192458
8697.580688
8657.181327
8626.007569
8600.809232
8579.793738
8561.860706
8546.286154
8532.571355
8520.360844
8509.393597
8499.472756
8490.445842
8482.191771
8474.612187
8467.625603
8461.163405
8455.167070
8449.586191
8444.377023
8439.501392
8434.925840
8430.620951
8426.560790
8422.722443
8419.085626
8415.632354
8412.346652
8409.214306
8406.222651
8403.360373
8400.617363
8397.984566
8395.453867
8393.017954
8390.670238
8388.404767
8386.216151
8384.099505
8382.050396
8380.064796
8378.139035
8376.269763
8374.453918
8372.688691
8370.971501
8369.299973
8366.882571
8364.995722
8363.310912
8361.727606
8360.210561
