0.001000
0.002000
0.003000
0.004000
0.005000
0.006000
0.008000
0.012000
0.020000
0.036000
0.068000
0.132000
0.260000
0.516000
1.028000
2.052000
4.100000
6.148000
8.196000
8.196020
8.196041
8.196082
8.196164
8.196328
8.196492
8.196655
8.196983
8.197311
8.197966
8.198621
8.199932
8.201243
8.203864
8.206486
8.211729
8.216972
8.227457
8.248429
8.290372
8.374258
8.542030
8.709802
8.877574
9.045347
9.213119
9.380891
9.548663
9.716435
9.884207
10.051980
10.219752
10.387524
10.723068
11.058612
11.729701
12.400790
13.071878
14.414056
15.756233
17.098410
18.440588
19.782765
21.124942
22.467119
23.809297
25.151474
26.493651
27.835828
29.178006
30.520183
30.654401
30.667823
30.681244
30.708088
30.710772
30.713457
30.718825
30.729563
30.731710
30.733858
30.738153
30.746743
30.748461
30.750179
30.753615
30.760486
30.761861
30.763235
30.765984
30.771482
30.776979
30.782477
30.787974
30.793472
30.804467
30.826457
30.848447
30.892428
30.980389
31.068350
31.244272
31.420193
31.596115
31.947959
32.299803
32.651646
33.003490
33.707178
34.410865
34.551603
34.692340
34.973815
35.536765
35.649355
35.761945
35.987125
36.437485
37.338205
37.518349
37.698493
38.058781
38.779357
38.923472
39.067587
39.355817
39.932278
40.047570
40.162863
40.393447
40.854615
40.946849
41.039083
41.223550
41.408018
41.776953
42.145887
42.219674
42.293461
42.441035
42.736183
43.031331
43.621627
43.916775
44.211923
44.802219
44.920278
45.038337
45.274455
45.321679
45.368903
45.463350
45.652245
46.030034
46.785613
46.936728
47.087844
47.390075
47.994538
48.115431
48.236324
48.478109
48.961679
49.928820
50.122248
50.315676
50.702532
51.476245
51.630987
51.785730
52.095215
52.714185
53.952125
54.199713
54.447301
54.942477
55.932829
56.130899
56.328970
56.725111
57.517392
57.675848
57.834305
58.151217
58.785043
60.052693
60.179458
60.306223
60.559754
61.066814
62.080934
62.283758
62.486582
62.892231
63.703527
65.326120
65.488379
65.650638
65.975157
66.624194
67.922268
69.220342
69.350150
69.479957
69.739572
70.258802
70.778032
71.297261
72.335721
74.412639
74.620331
74.828023
75.243407
76.074174
77.735709
77.901863
78.068016
78.400323
79.064937
80.394165
81.723393
83.052621
83.185544
83.318467
83.584313
84.116004
85.179386
87.306151
87.518827
87.731504
88.156857
89.007563
90.000000
90.200000
92.200000
94.200000
96.200000
98.200000
100.200000
102.200000
104.200000
106.200000
108.200000
110.200000
112.200000
114.200000
116.200000
118.200000
120.200000
122.200000
124.200000
126.200000
128.200000
130.200000
132.200000
134.200000
136.200000
138.200000
140.200000
142.200000
144.200000
146.200000
148.200000
150.200000
152.200000
154.200000
156.200000
158.200000
160.200000
162.200000
164.200000
166.200000
168.200000
170.200000
172.200000
174.200000
176.200000
178.200000
180.200000
182.200000
184.200000
186.200000
188.200000
190.200000
192.200000
194.200000
196.200000
198.200000
200.200000
202.200000
204.200000
206.200000
208.200000
210.200000
212.200000
214.200000
216.200000
218.200000
220.200000
222.200000
224.200000
226.200000
228.200000
230.200000
232.200000
234.200000
236.200000
238.200000
240.200000
242.200000
244.200000
246.200000
248.200000
250.200000
252.200000
254.200000
256.200000
258.200000
260.200000
262.200000
264.200000
266.200000
268.200000
270.200000
272.200000
274.200000
276.200000
278.200000
280.200000
282.200000
284.200000
286.200000
288.200000
290.200000
292.200000
294.200000
296.200000
298.200000
300.200000
302.200000
304.200000
306.200000
308.200000
310.200000
312.200000
314.200000
316.200000
318.200000
320.200000
322.200000
324.200000
326.200000
328.200000
330.200000
332.200000
334.200000
336.200000
338.200000
340.200000
342.200000
344.200000
346.200000
348.200000
350.200000
352.200000
354.200000
356.200000
358.200000
360.200000
362.200000
364.200000
366.200000
368.200000
370.200000
372.200000
374.200000
376.200000
378.200000
380.200000
382.200000
384.200000
386.200000
388.200000
390.200000
392.200000
394.200000
396.200000
398.200000
400.200000
