0.010000
0.020000
0.030000
0.040000
0.050000
0.060000
0.080000
0.120000
0.200000
0.360000
0.680000
1.320000
2.600000
3.880000
5.160000
6.440000
6.440128
6.440256
6.440384
6.440640
6.441152
6.442176
6.443200
6.444224
6.446272
6.448320
6.450368
6.454464
6.458560
6.462656
6.470848
6.479040
6.487232
6.503616
6.520000
6.536384
6.569152
6.601920
6.667456
6.732992
6.765760
6.831296
6.896832
6.962368
7.093440
7.224512
7.355584
7.486656
7.617728
7.748800
7.879872
8.010944
8.142016
8.404160
8.535232
8.666304
8.797376
8.928448
9.059520
9.190592
9.321664
9.452736
9.583808
9.845952
10.108096
10.632384
11.680960
12.729536
14.826688
16.923840
19.020992
21.118144
23.215296
23.425011
23.634726
24.054157
24.893018
25.731878
27.409600
29.087322
30.765043
32.442765
34.120486
35.798208
37.475930
39.153651
40.831373
42.509094
44.186816
45.864538
47.542259
49.219981
50.897702
52.575424
54.253146
55.930867
57.608589
59.286310
60.964032
62.641754
64.319475
65.997197
67.674918
69.352640
71.030362
72.708083
74.385805
76.063526
77.741248
79.418970
81.096691
82.774413
84.452134
86.129856
87.807578
89.485299
90.000000
92.000000
92.200000
94.200000
96.200000
98.200000
100.200000
102.200000
104.200000
106.200000
108.200000
110.200000
112.200000
114.200000
116.200000
118.200000
120.200000
122.200000
124.200000
126.200000
128.200000
130.200000
132.200000
134.200000
136.200000
138.200000
140.200000
142.200000
