8214.558703
8215.117406
8215.676109
8216.234812
8216.793515
8217.352218
8218.469623
8220.704435
8225.174059
8234.113305
8251.991796
8287.748774
8359.262708
8502.290494
8788.430995
9357.039485
10487.374858
11161.345852
10212.564581
11107.291580
10641.977614
10445.063152
10346.011136
10169.176952
10052.487513
10049.623376
9915.363946
9941.469891
9735.183522
9596.700974
9469.807896
9369.882748
9314.706438
9280.382408
9268.082705
9248.166624
9233.194537
9211.998287
9199.919281
9183.027126
9175.338762
9167.749520
9169.874483
9169.431268
9170.110443
9168.984154
9166.677626
9169.331541
9174.239966
9182.095425
9192.056204
9206.633618
9223.401618
9241.472044
9260.587337
9280.435054
9299.801120
9313.785634
9333.409240
9353.835189
9374.022422
9386.018802
9406.413251
9426.163505
9433.454422
9451.139953
9460.737187
9473.303993
9492.250946
9500.083449
9518.652877
9525.770120
9511.492952
9508.801178
9524.642517
9515.464932
9524.656011
9499.704030
9499.136908
9494.861334
9411.706049
9349.333037
9297.026506
9252.600806
9217.713824
9189.439791
9165.422785
9145.579178
9129.250437
9114.872022
9102.107562
9090.284573
9078.137795
9068.412543
9059.998775
9043.957756
9023.947398
9007.238977
8985.756774
8964.207249
8944.512107
8926.379688
8909.830370
8894.695705
8880.829661
8868.188305
8856.684616
8846.182316
8836.740696
8827.114047
8817.570154
8808.318274
8799.550369
8791.143332
8783.159547
8775.581384
8768.416494
8761.635726
8755.214267
8749.120204
8743.329414
8737.818645
8732.567329
8727.557362
8722.772588
8718.198454
8713.821682
8709.630026
8705.612098
8701.757247
8698.055467
8694.497335
8691.073966
8687.776975
8684.598459
8681.530965
8678.567480
8675.701412
8672.926575
8670.237173
8667.627784
8665.093347
8662.629148
8660.230798
8657.894225
8655.615653
8653.391589
8651.218805
8649.094324
8647.015407
8644.979532
8642.984387
8641.027850
8639.107979
8637.222997
8635.371280
8633.551348
8631.761847
8630.001545
8628.269319
8626.564146
8624.885092
8623.231305
8621.602009
8619.996495
8618.414111
8616.854261
8615.316397
8613.800012
8612.304637
8610.829837
8609.375204
8607.940355
8606.524931
8605.128589
8603.751003
8602.391860
8601.050859
8599.727709
8598.422124
8597.133826
8595.862543
8594.608007
8593.369950
8592.148110
8590.942225
8589.752036
8588.577282
8587.417705
8586.273048
8585.143053
8584.027462
8582.926019
8581.838468
8580.764553
8579.704020
8578.656613
8577.622081
8576.600171
8575.590634
8574.593221
8573.607685
8572.633783
8571.671273
8570.719915
8569.779473
8568.849714
8567.930408
8567.021328
8566.122252
8565.232960
8564.353237
8563.482871
8562.621657
8561.769392
8560.925877
8560.090918
8559.264327
8558.445918
8557.635512
8556.832934
8556.038012
8555.250581
8554.470480
8553.697551
8552.931642
8552.172606
8551.420299
8550.674584
8549.935324
8547.196097
8544.780716
8542.650449
8540.764620
8539.085403
