8214.558703
8215.117406
8215.676109
8216.234812
8216.793515
8217.352218
8218.469623
8220.704435
8225.174059
8234.113305
8251.991796
8287.748774
8359.262708
8502.290494
8788.430995
9357.039485
10487.374858
11161.345852
10212.564581
11107.291580
10641.977614
10445.063152
10346.011136
10169.176952
10052.487513
10049.623376
9915.363946
9941.469891
9735.183522
9633.067585
9485.735850
9432.605950
9462.761883
9442.996905
9441.066748
9447.424452
9461.463316
9478.433859
9504.262991
9536.091634
9545.607771
9559.884852
9542.615658
9558.144813
9532.562056
9534.855189
9550.710024
9537.252950
9528.620471
9549.057780
9540.981568
9531.788817
9537.164596
9513.626191
9528.541688
9497.906066
9496.297899
9492.749060
9471.167116
9471.338359
9468.969125
9468.148601
9231.000276
9126.978434
8929.799173
8816.736755
8751.615874
8706.749985
8672.495662
8644.845419
8621.716042
8601.872612
8584.525929
8569.147777
8555.371166
8542.931616
8531.631126
8521.316236
8511.863562
8503.171074
8495.152684
8487.734471
8480.852337
8474.450319
8468.479331
8462.896144
8457.662567
8452.744780
8448.112785
8443.739945
8439.602571
8435.679616
8431.952307
8428.403861
8425.019328
8421.785352
8418.689992
8415.722552
8412.873459
8410.134100
8407.496699
8404.954264
8402.500480
8400.129636
8397.836549
8395.616516
8393.465249
8391.378837
8389.353697
8387.386541
8385.474346
8383.614330
8381.803933
8380.040790
8378.322713
8376.647671
8375.013778
8373.419278
8371.862533
8370.342011
8368.856277
8367.403987
8365.983876
8364.594756
8363.235504
8361.905063
8360.602432
8359.326664
8358.076861
8356.852171
8355.651785
8354.474933
8353.320880
8352.188928
8351.078410
8349.988687
8348.919149
8347.869215
8346.838324
8345.825941
8344.831553
8343.854665
8342.894804
8341.951514
8341.024358
8340.112912
8339.216770
8338.335542
8337.468848
8336.616325
8335.777622
8334.952398
8334.140326
8333.341088
8332.554377
8331.779898
8331.017363
8330.266493
8329.527021
8328.798684
8328.081231
8327.374416
8326.678002
8325.991758
8325.315461
8324.648893
8323.991843
8323.344107
8322.705486
8322.075786
8321.454820
8320.842406
8320.238364
8319.642524
8319.054716
8318.474777
8317.902549
8317.337875
8316.780606
8316.230594
8315.687696
8315.151774
8314.622690
8314.100313
8313.584514
8313.075167
8312.572149
8312.075341
8311.584625
8311.099889
8310.621021
8310.147913
8309.680458
8309.218555
8308.762101
8308.310999
8307.865153
8307.424468
8306.988853
8306.558218
8306.132476
8305.711542
8305.295332
8304.883763
8304.476757
8304.074236
8303.676122
8303.282342
8302.892822
8302.507491
8302.126279
8301.749118
8301.375941
8299.961443
8299.107708
8298.494896
8297.995243
8297.555592
