8214.558529
8215.117059
8215.675588
8216.234118
8216.792647
8217.351177
8218.468236
8220.702353
8225.170589
8234.107059
8251.979999
8287.725873
8359.217601
8502.200975
8788.167391
9360.098904
10504.436949
12791.420021
15599.740600
13041.278348
13268.862226
13223.405050
13086.952138
12828.497806
12630.607627
12356.352128
12161.055675
11913.893809
11744.878112
11545.253898
11351.568345
11231.073824
11184.333456
11182.489529
11201.334474
11242.808702
11291.064016
11334.178414
11364.973415
11380.883415
11349.148374
11286.932365
11250.353806
11250.990539
11273.439150
11391.865936
11772.118110
12001.562214
12897.180899
11770.649155
11636.537652
11712.723979
11655.266948
11570.141169
11288.136842
11424.492624
11162.061228
11142.437784
11128.376836
11152.235510
11215.001092
11119.028848
11083.703766
11039.298742
11000.045337
10996.291378
10956.467283
10872.138263
10829.551136
10797.412139
10744.621716
10713.854720
10719.520336
10733.023451
10740.516066
10750.889637
10754.777768
10755.915241
10763.388424
10765.190052
10765.256453
10767.746598
10769.340104
10769.073504
10769.459578
10763.809120
10766.305340
10766.958446
10768.021982
10769.056552
10770.377547
10772.103391
10773.627513
10773.453512
10774.799283
10776.619265
10776.286062
10777.832744
10779.039322
10780.107326
10785.893857
10784.587733
10785.925158
10786.970767
10787.136933
10788.599941
10792.965334
10790.056301
10755.321914
10742.321126
10733.835820
10726.331180
10719.428337
10684.459025
10666.477678
10649.278634
10635.286510
10624.427496
10615.445119
10607.691186
10600.349912
10594.582908
10589.839147
10585.255392
10580.752073
10576.617404
10572.940789
10569.706665
10566.316172
10563.097726
10559.759482
10556.631106
10553.883416
10551.516435
10549.194637
10545.573372
10542.242938
10539.279933
10536.669769
10534.267718
10531.209101
10528.584864
10526.194460
10524.004009
10521.943849
10520.000614
10518.162605
10516.419845
10514.750297
10513.148419
10511.610300
10510.130588
10508.707071
10507.337211
10506.019079
10504.750459
10503.528972
10502.352205
10501.217799
10500.123486
10499.067104
10498.046615
10497.053532
10494.486770
10492.610060
10491.088895
10489.762541
10488.557746
