0.001000
0.002000
0.003000
0.004000
0.005000
0.006000
0.008000
0.012000
0.020000
0.036000
0.068000
0.132000
0.260000
0.516000
1.028000
2.052000
4.100000
6.148000
8.196000
8.196205
8.196307
8.196410
8.196614
8.197024
8.197434
8.198253
8.199072
8.200710
8.202349
8.205626
8.212179
8.225286
8.251501
8.303930
8.408787
8.618502
8.828218
9.037933
9.247648
9.457363
9.667078
9.876794
10.086509
10.296224
10.505939
10.925370
11.764230
13.441952
15.119674
16.797395
18.475117
20.152838
21.830560
23.508282
25.186003
26.863725
28.541446
30.219168
31.896890
33.574611
35.252333
36.930054
38.607776
40.285498
41.963219
43.640941
45.318662
46.996384
48.674106
50.351827
52.029549
53.707270
53.875043
54.042815
54.210587
54.378359
54.546131
54.881676
55.552764
56.223853
56.894941
57.029159
57.163377
57.431812
57.968683
59.042425
59.257173
59.471922
59.901419
60.760412
62.478399
64.196386
65.914373
67.632360
69.350347
71.068334
72.786320
74.504307
76.222294
77.940281
79.658268
81.376255
83.094242
84.812229
86.530216
88.248203
89.966190
90.000000
90.200000
90.400000
90.600000
90.800000
91.000000
93.000000
95.000000
97.000000
99.000000
101.000000
103.000000
105.000000
107.000000
109.000000
111.000000
113.000000
115.000000
117.000000
119.000000
121.000000
123.000000
125.000000
127.000000
129.000000
131.000000
133.000000
135.000000
137.000000
139.000000
141.000000
143.000000
145.000000
147.000000
149.000000
151.000000
153.000000
155.000000
157.000000
159.000000
161.000000
163.000000
165.000000
167.000000
169.000000
171.000000
173.000000
175.000000
177.000000
179.000000
181.000000
183.000000
185.000000
187.000000
189.000000
191.000000
193.000000
195.000000
197.000000
199.000000
201.000000
