8214.558703
8215.117406
8215.676109
8216.234812
8216.793515
8217.352218
8218.469623
8220.704435
8225.174059
8234.113305
8251.991796
8287.748774
8359.262708
8502.290494
8788.430995
9357.039485
10487.374858
11161.345852
10212.564581
11107.291580
10641.977614
10445.063152
10346.011136
10169.176952
10052.487513
10049.623376
9915.363946
9941.469891
9735.183522
9717.598056
9600.299451
9581.406987
9565.419510
9559.242953
9486.456243
9498.222645
9489.222582
9499.144711
9521.846594
9522.599885
9522.282974
9489.461079
9480.176629
9452.109622
9443.350492
9437.294254
9427.656125
9435.859157
9435.234793
9424.018552
9434.739717
9429.745998
9433.466727
9443.610870
9443.231331
9451.570493
9452.862379
9458.852640
9461.477537
9444.948132
9442.979506
9441.710354
9421.385266
9418.536752
9396.475552
9392.239561
9379.236859
9375.914385
9374.145669
9366.572532
9363.820718
9360.763580
9354.870067
