8214.559105
8215.118210
8215.677315
8216.236420
8216.795525
8217.354629
8218.472839
8220.709259
8225.182098
8234.127776
8252.019133
8287.801845
8359.367281
8502.498832
8788.772385
9361.544616
10520.777262
10830.049634
9617.117509
9548.223994
9435.922398
9300.301211
9209.756165
9107.858426
9010.872433
8958.011108
8912.011081
8882.423508
8882.654420
8898.597178
8944.284142
8989.756864
9071.592158
9514.737921
10061.232606
10524.042431
9625.397460
9882.251757
9792.486340
9657.729826
9413.935829
9110.240652
8948.911805
8881.666828
8832.982936
8801.900964
8780.309301
8767.708501
8752.598174
8749.087436
8743.086403
8737.255684
8740.046758
8744.693187
8754.026884
8766.365041
8774.872553
8792.330911
8811.077114
8830.530970
8850.407533
8869.836779
8880.119561
8881.541819
8899.329601
8899.221903
8915.419879
8929.223850
8938.176837
8947.066995
8962.656883
8943.824731
8936.695106
8942.228114
8933.414706
8944.764729
8929.043918
8928.742288
8930.036311
8931.679727
8926.538681
8925.677786
8929.942247
8925.624901
8920.958415
8922.795776
8924.976699
8932.076508
8928.070990
8927.328721
8912.904912
8909.684692
8892.714723
8882.980810
8881.188951
8879.915914
8876.104330
8875.315634
8867.895289
8866.651434
8858.744304
8857.694400
8857.049373
8854.894182
8854.187600
8853.733548
8850.102645
8849.492095
8849.206021
8848.945738
8847.628380
8847.431730
8847.311816
8847.102880
8845.854284
8845.632306
8845.518926
8845.392490
8844.389408
8844.265770
8844.192876
8844.055816
8843.192739
8843.077436
8842.987872
8842.050714
8841.914452
8841.842098
8841.774968
8841.710083
8841.647242
8841.586387
8841.527472
8841.470445
8841.415255
8841.361852
8841.310184
8841.260200
8841.211852
8841.165090
8841.119866
8841.076135
8841.033850
8840.992967
8840.953443
8840.915234
8840.878300
8840.842599
8840.808094
8840.774744
8840.742514
8840.711366
8840.681265
8840.652177
8840.624069
8840.596908
8840.570662
8840.545302
8840.520798
8840.497120
8840.474241
8840.452135
8840.430774
8840.410134
8840.390189
8840.370917
8840.352294
8840.334298
8840.316907
8840.300101
8840.283859
8840.268162
8840.252990
8840.238327
8840.224153
8840.210452
8840.197208
8840.184404
8840.172026
8840.160058
8840.148485
8840.137295
8840.126474
8840.116008
8840.105885
8840.096094
8840.086622
8840.077459
8840.068593
8840.060014
8840.051711
8840.043676
8840.035899
8840.028370
8840.021081
8840.014024
8840.007189
8840.000570
8839.994159
8839.987948
8839.981930
8839.976099
8839.970447
8839.964970
8839.959659
8839.954510
8839.949517
8839.944674
8839.939977
8839.935419
8839.930996
8839.926703
8839.922535
8839.918489
8839.914560
8839.910744
8839.907036
8839.903433
8839.899931
8839.896528
8839.893218
8839.889999
8839.886868
8839.883822
8839.880857
8839.877971
8839.875161
8839.872424
8839.869759
8839.867161
8839.864629
8839.862161
8839.859754
8839.857406
8839.855116
8839.852880
8839.850698
8839.848567
8839.846486
8839.844452
8839.842464
8839.840521
8839.836950
8839.833746
8839.830609
8839.827535
8839.824524
