0.001000
0.002000
0.003000
0.004000
0.005000
0.006000
0.008000
0.012000
0.020000
0.036000
0.068000
0.132000
0.260000
0.516000
1.028000
2.052000
4.100000
4.102048
4.104096
4.106144
4.110240
4.118432
4.126624
4.143008
4.175776
4.208544
4.274080
4.405152
4.667296
4.929440
5.453728
5.978016
7.026592
9.123744
11.220896
13.318048
15.415200
17.512352
19.609504
21.706656
23.803808
24.013523
24.118381
24.223238
24.432954
24.642669
25.062099
25.481530
26.320390
27.998112
29.675834
31.353555
33.031277
34.708998
36.386720
38.064442
39.742163
41.419885
43.097606
44.775328
46.453050
48.130771
49.808493
51.486214
53.163936
54.841658
56.519379
58.197101
59.874822
61.552544
63.230266
64.907987
66.585709
68.263430
69.941152
71.618874
73.296595
74.974317
76.652038
78.329760
80.007482
81.685203
83.362925
85.040646
86.718368
88.396090
90.073811
91.751533
93.429254
95.106976
96.000000
98.000000
100.000000
102.000000
104.000000
106.000000
108.000000
110.000000
112.000000
114.000000
116.000000
118.000000
120.000000
122.000000
124.000000
126.000000
128.000000
130.000000
132.000000
134.000000
136.000000
138.000000
140.000000
142.000000
144.000000
146.000000
148.000000
150.000000
152.000000
154.000000
156.000000
158.000000
160.000000
162.000000
164.000000
166.000000
168.000000
170.000000
172.000000
174.000000
176.000000
178.000000
180.000000
182.000000
184.000000
186.000000
188.000000
190.000000
192.000000
194.000000
196.000000
198.000000
200.000000
202.000000
204.000000
206.000000
208.000000
210.000000
212.000000
214.000000
216.000000
218.000000
220.000000
222.000000
224.000000
226.000000
228.000000
230.000000
232.000000
234.000000
236.000000
238.000000
240.000000
242.000000
244.000000
246.000000
248.000000
250.000000
252.000000
254.000000
256.000000
258.000000
260.000000
262.000000
264.000000
266.000000
268.000000
270.000000
272.000000
274.000000
276.000000
278.000000
280.000000
282.000000
284.000000
286.000000
288.000000
290.000000
292.000000
294.000000
296.000000
298.000000
300.000000
302.000000
304.000000
306.000000
308.000000
310.000000
312.000000
314.000000
316.000000
318.000000
320.000000
322.000000
324.000000
326.000000
328.000000
330.000000
332.000000
334.000000
336.000000
338.000000
340.000000
342.000000
344.000000
346.000000
348.000000
350.000000
352.000000
354.000000
356.000000
358.000000
360.000000
362.000000
364.000000
366.000000
368.000000
370.000000
372.000000
374.000000
376.000000
378.000000
380.000000
382.000000
384.000000
386.000000
388.000000
390.000000
392.000000
394.000000
396.000000
398.000000
400.000000
402.000000
404.000000
406.000000
408.000000
