8214.558545
8215.117089
8215.675633
8216.234178
8216.792722
8217.351267
8218.468356
8220.702534
8225.170889
8234.107600
8251.981020
8287.727855
8359.221504
8502.208721
8788.182823
9360.125079
10506.445974
12822.963570
13348.135495
13758.877749
11693.015601
11551.927450
11356.241880
11124.199090
10964.130360
10774.175729
10644.024107
10488.655699
10383.277381
10258.266706
10176.000909
10085.500460
10021.720942
10025.444054
10076.404039
10105.915798
10104.947061
10093.051836
10106.422931
10136.243476
10228.799983
10324.565422
10513.418432
11251.252762
11511.998762
11182.060327
11079.204485
10452.823421
10559.779496
10211.183779
10112.623820
10078.556335
10127.510732
10147.450950
10140.252097
10156.463159
10223.998767
10237.502733
10212.428219
10163.258320
10107.833624
10064.912046
10015.288850
9977.216225
9933.220874
9904.013781
9871.945866
9851.234070
9828.918433
9815.000280
9803.388744
9795.541476
9789.237610
9782.895663
9782.726014
9782.198529
9780.821708
9778.931071
9777.231686
9773.125985
9773.981070
9773.943354
9773.767410
9773.331528
9772.559855
9769.137591
9768.544882
9767.140897
9765.572765
9763.785455
9759.113057
9758.045289
9757.459281
9754.205029
9751.557107
9748.575095
9746.392054
9744.123719
9742.419616
9741.550662
9743.760528
9747.282746
9754.197278
9762.621630
9774.239075
9785.813733
9799.084236
9812.984607
9827.373853
9842.411375
9858.115823
9874.344240
9890.908999
9907.614515
9923.633130
9933.227025
9936.833530
9940.232734
9940.598535
9935.856849
9935.809501
9935.730818
9934.916347
9932.216156
9932.181109
9932.176049
9932.171258
9932.166480
9932.161696
9932.156907
9932.152113
9932.147311
9932.142503
9932.137685
9932.132857
9932.128018
9932.123164
9932.118294
9932.113404
9932.108490
9932.103547
9932.098566
9932.093539
9932.088450
9932.083281
9932.078001
9932.072529
9932.066717
9932.060301
9932.052628
9932.041325
9932.023049
9931.991719
9931.862431
9931.011245
9929.321808
9927.191182
9926.290076
9926.016358
9925.935284
9925.887809
9925.757865
9924.640150
9920.099992
9918.154798
9913.055358
9912.347104
9911.085803
9904.584338
9897.766612
9896.800122
9891.060636
9889.965809
9878.061692
9877.529607
9877.458702
9876.933601
9870.946699
9870.559999
9870.518211
9870.380618
9865.485936
9865.343987
9865.338052
9865.334133
9865.330230
9865.326327
9865.322423
9865.318520
9865.314617
9865.310714
9865.306810
9865.302907
9865.299004
9865.295101
9865.291198
9865.287295
9865.283392
9865.279489
9865.275586
9865.271683
9865.267780
9865.263877
9865.259974
9865.256071
9865.252168
9865.248265
9865.244363
9865.240460
9865.236557
9865.232654
9865.228752
9865.224849
9865.220946
9865.217044
9865.213141
9865.209238
9865.205336
9865.201433
9865.197531
9865.193628
9865.189726
9865.185824
9865.181921
9865.178019
9865.174116
9865.170214
9865.166312
9865.162409
9865.158507
9865.154605
9865.150703
9865.146800
9865.142898
9865.138996
9865.135094
9865.131192
9865.127290
9865.123388
9865.119486
9865.115584
9865.111682
9865.107780
9865.103878
9865.099976
9865.096074
9865.092172
9865.088271
9865.084369
9865.080467
9865.076565
9865.072663
9865.068762
9865.064860
9865.060958
9865.057057
9865.053155
9865.049254
9865.045352
9865.041451
9865.037549
9865.033648
9865.029746
9865.025845
9865.021943
9865.018042
9865.014140
9865.010239
9865.006338
9865.002436
9864.994423
9864.987109
9864.979862
9864.972675
9864.965549
