0.001000
0.002000
0.003000
0.004000
0.005000
0.006000
0.008000
0.012000
0.020000
0.036000
0.068000
0.132000
0.260000
0.516000
1.028000
2.052000
4.100000
6.148000
6.168480
6.169504
6.170528
6.171040
6.172064
6.174112
6.176160
6.180256
6.184352
6.192544
6.200736
6.217120
6.233504
6.266272
6.331808
6.462880
6.725024
6.987168
7.249312
7.511456
7.773600
8.035744
8.560032
9.608608
10.657184
12.754336
14.851488
16.948640
19.045792
21.142944
23.240096
25.337248
27.434400
29.531552
31.628704
33.725856
35.823008
37.920160
37.922257
37.924354
37.928549
37.936937
37.953714
37.970492
38.004046
38.037601
38.104709
38.171818
38.306036
38.440254
38.708689
38.977125
39.513996
40.050866
40.587737
41.661479
41.876228
42.090976
42.520473
43.379466
45.097453
46.815440
46.987239
47.159037
47.502635
48.189829
49.564219
50.938609
52.312998
53.687388
55.061777
56.436167
57.810556
59.184946
60.559335
61.933725
63.308114
64.682504
66.056893
67.431283
68.805672
70.180062
71.554452
72.928841
74.303231
75.677620
77.052010
78.426399
79.800789
81.175178
82.549568
83.923957
85.298347
86.672736
88.047126
89.421515
90.795905
92.170295
93.544684
94.919074
96.000000
98.000000
100.000000
102.000000
104.000000
106.000000
108.000000
110.000000
112.000000
114.000000
116.000000
118.000000
120.000000
122.000000
124.000000
126.000000
128.000000
130.000000
132.000000
134.000000
136.000000
138.000000
140.000000
142.000000
144.000000
146.000000
148.000000
150.000000
152.000000
154.000000
156.000000
158.000000
160.000000
162.000000
164.000000
166.000000
168.000000
170.000000
172.000000
174.000000
176.000000
178.000000
180.000000
182.000000
184.000000
186.000000
188.000000
190.000000
192.000000
194.000000
196.000000
198.000000
200.000000
202.000000
204.000000
206.000000
208.000000
210.000000
212.000000
214.000000
216.000000
218.000000
220.000000
222.000000
224.000000
226.000000
228.000000
230.000000
232.000000
234.000000
236.000000
238.000000
240.000000
242.000000
244.000000
246.000000
248.000000
250.000000
252.000000
254.000000
256.000000
258.000000
260.000000
262.000000
264.000000
266.000000
268.000000
270.000000
272.000000
274.000000
276.000000
278.000000
280.000000
282.000000
284.000000
286.000000
288.000000
290.000000
292.000000
294.000000
296.000000
298.000000
300.000000
302.000000
304.000000
306.000000
308.000000
310.000000
312.000000
314.000000
316.000000
318.000000
320.000000
322.000000
324.000000
326.000000
328.000000
330.000000
332.000000
334.000000
336.000000
338.000000
340.000000
342.000000
344.000000
346.000000
348.000000
350.000000
352.000000
354.000000
356.000000
358.000000
360.000000
362.000000
364.000000
366.000000
368.000000
370.000000
372.000000
374.000000
376.000000
378.000000
380.000000
382.000000
384.000000
386.000000
388.000000
390.000000
392.000000
394.000000
396.000000
398.000000
400.000000
402.000000
404.000000
406.000000
408.000000
