8214.558703
8215.117406
8215.676109
8216.234812
8216.793515
8217.352218
8218.469623
8220.704435
8225.174059
8234.113305
8251.991796
8287.748774
8359.262708
8502.290494
8788.430995
9357.039485
10487.374858
11161.345852
10212.564581
11107.291580
10641.977614
10445.063152
10346.011136
10169.176952
10052.487513
10049.623376
9915.363946
9941.469891
9735.183522
9486.450188
9365.362516
9259.191375
9232.231349
9232.131198
9221.472040
9224.957441
9204.641888
9206.532050
9207.404945
9221.897183
9240.445885
9259.628850
9277.870087
9301.193718
9325.344585
9347.812702
9366.445155
9392.100126
9418.100795
9432.132394
9458.528763
9484.484404
9491.660806
9515.531159
9527.113826
9543.474976
9553.543253
9566.090653
9551.708905
9554.345479
9564.223669
9543.604141
9541.892333
9440.256526
9381.316358
9326.553093
9283.200268
9246.733890
9216.424835
9190.457117
9167.907926
9149.507691
9134.216168
9120.664853
9108.623691
9097.049717
9085.586738
9075.902271
9068.901470
9059.138615
9038.862307
9023.302015
9008.251025
8988.820752
8969.454887
8951.528841
8934.914508
8919.544030
8905.327200
8892.176641
8879.989757
8868.764586
8858.451924
8848.926331
8840.507880
8831.425287
8822.641246
8814.095404
8805.975699
8798.178996
8790.745908
8783.671298
8776.964991
8770.607879
8764.578519
8758.848006
8753.395570
8748.199957
8743.242122
8738.505114
8733.973835
8729.634677
8725.475257
8721.484202
8717.650994
8713.965847
8710.419617
8707.003734
8703.710152
8700.531308
8697.460094
8694.489829
8691.614239
8688.827438
8686.123909
8683.498490
8680.946356
8678.463005
8676.044242
8673.686164
8671.385145
8669.137824
8666.941087
8664.792054
8662.688067
8660.626675
8658.605619
8656.622823
8654.676382
8652.764544
8650.885706
8649.038399
8647.221280
8645.433120
8643.672795
8641.939279
8640.231635
8638.549006
8636.890607
8635.255723
8633.643694
8632.053919
8630.485843
8628.938954
8627.412781
8625.906885
8624.420857
8622.954317
8621.506907
8620.078287
8618.668139
8617.276156
8615.902046
8614.545527
8613.206327
8611.884181
8610.578829
8609.290018
8608.017498
8606.761024
8605.520350
8604.295235
8603.085439
8601.890721
8600.710843
8599.545567
8598.394655
8597.257868
8596.134971
8595.025726
8593.929895
8592.847244
8591.777537
8590.720537
8589.676012
8588.643729
8587.623456
8586.614961
8585.618018
8584.632399
8583.657878
8582.694235
8581.741247
8580.798698
8579.866373
8578.944060
8578.031551
8577.128638
8576.235122
8575.350802
8574.475485
8573.608977
8572.751094
8571.901649
8571.060465
8570.227366
8569.402179
8568.584739
8567.774880
8566.972445
8566.177279
8565.389230
8564.608152
8561.820133
8559.350723
8557.163209
8555.218665
8553.480585
