8214.558545
8215.117090
8215.675635
8216.234180
8216.792725
8217.351269
8218.468358
8220.702536
8225.170893
8234.107606
8251.981030
8287.727873
8359.221539
8502.208789
8788.182958
9360.129974
10504.335098
12791.738671
15487.387446
12989.694163
13227.455556
13190.647004
13062.603892
12809.827543
12614.939563
12342.708588
12148.586912
11902.525235
11734.432088
11536.485516
11347.052042
11231.828042
11187.628213
11186.177737
11204.376245
11244.976058
11292.762104
11335.899822
11361.156636
11380.801294
11350.595884
11288.268992
11251.208385
11251.581272
11273.886661
11392.363158
11772.850053
12001.637040
12896.830460
11464.404412
11474.699954
11594.751422
11862.848752
11350.224919
11405.651136
11440.773979
11260.384418
11179.391610
11137.087857
11146.846273
11162.201894
11101.092726
11102.889342
11016.651128
11006.110419
11016.431900
10996.397067
10962.834274
10933.513177
10921.177060
10908.638053
10884.502422
10866.356402
10853.486212
10821.288527
10799.452971
10787.519177
10772.877133
10759.408318
10750.205889
10737.447765
10730.092540
10723.467006
10720.521943
10717.250663
10716.612805
10716.944156
10716.197773
10719.570313
10714.366085
10714.163939
10715.417689
10715.979532
10714.112731
10718.988892
10717.426793
10717.159776
10716.546843
10718.588063
10719.388212
10719.189027
10719.371284
10716.350674
10722.264995
10722.565473
10721.282813
10719.765500
10722.644478
10723.398131
10723.533598
10722.622202
10723.487591
10723.633371
10723.713947
10723.776385
10721.167101
10725.364101
10726.047691
10725.811689
10723.399680
10724.093992
10724.052698
10723.835235
10723.375948
10722.990610
10722.880552
10722.675266
10722.300692
10721.432169
10722.043866
10721.755292
10721.442220
10720.879043
10720.988299
10720.705863
10720.401401
10719.892758
10709.484890
10730.016098
10717.882403
10716.321236
10715.585878
10714.939355
10711.454816
10707.433652
10711.154312
10712.807174
10710.627890
10710.219912
10711.008837
10711.075684
10711.026312
10711.099134
10714.259641
10711.741207
10711.194930
10711.744868
10710.777376
10712.197886
10711.610678
10711.456150
10711.432286
10711.706037
10711.585034
10711.565062
10711.684826
10710.787908
10711.922750
10712.237819
10712.495272
10711.320524
10712.442039
10712.448270
10712.302318
10711.925054
10704.479606
10712.389122
10715.262751
10715.397279
10714.757912
10711.002432
10714.271071
10713.813901
10713.313629
10712.553814
10713.591885
10713.441702
10713.266578
10712.926262
10713.313929
10714.465664
10714.133327
10713.943925
10713.537181
10713.564126
10714.608910
10714.034503
10713.697195
10713.311297
10713.371307
10715.193872
10714.730201
10714.178967
10713.255804
10712.227451
10713.679848
10713.348559
10713.042719
10712.461971
10712.576762
10713.725880
10712.995944
10712.528730
10712.824405
10713.403633
10713.003025
10712.754819
10712.333140
10712.912452
10714.323513
10713.943907
10713.631178
10712.963584
10712.452707
10657.871908
10631.667787
10620.157152
10612.758608
10580.015965
10558.649330
10568.690672
10561.745663
10553.999382
10544.395778
10534.086178
10527.974730
10522.597654
10517.858196
10513.630588
10509.836232
10506.417003
10503.319134
10500.503956
10497.701244
10495.300436
10487.176354
10483.548289
10479.577724
10475.841607
10472.353272
10469.100831
10466.064633
10463.223103
10460.557422
10458.049726
10455.680223
10453.442494
10451.321577
10449.306753
10447.388947
10445.560176
10443.813464
10442.142570
10440.541888
10439.006377
10437.531502
10436.113167
10434.747658
10433.431582
10432.161887
10430.935774
10429.750650
10428.604140
10427.494069
10426.418424
10425.375346
10424.363116
10423.380143
10422.424949
10421.496161
10420.592501
10419.712777
10418.855875
10418.020755
10417.206441
10416.412018
10415.636630
10414.879468
10414.139775
10413.416835
10412.709975
10412.018560
10411.341987
10410.679691
10410.031174
10409.395824
10408.773201
10408.162855
10407.564357
10406.977296
10406.401281
10405.835941
10405.280918
10404.732937
10404.196843
10403.670809
10403.153152
10402.643698
10402.142292
10401.648785
10401.163025
10400.684854
10400.213963
10399.750496
10399.294117
10398.844652
10398.401932
10397.965794
10397.536075
10397.112618
10396.695269
10396.283876
10395.878291
10395.466518
10395.061217
10394.661168
10394.266730
10393.878079
10393.495247
10393.118175
10392.746746
10392.380807
10392.020191
10391.664723
10391.314229
10390.968538
10390.627485
10390.290913
10389.958673
10389.630623
10389.306628
10388.986560
10388.670297
10388.357725
10388.053914
10387.764422
10387.480529
10387.200646
10386.924190
10386.650777
10386.379981
10386.111530
10385.845240
10385.580981
10385.318667
10385.058236
10384.799646
10384.542866
10384.287875
10384.034657
10383.783199
10383.533491
10383.285522
10383.039282
10382.794761
10382.551949
10382.310835
10382.071407
10381.833652
10381.597558
10381.363109
10381.130292
10380.899091
10380.669491
10380.441475
10380.215026
10379.990127
10379.766761
10376.716745
10373.722908
10371.103615
10368.447407
10365.881327
