8214.558703
8215.117406
8215.676109
8216.234812
8216.793515
8217.352218
8218.469623
8220.704435
8225.174059
8234.113305
8251.991796
8287.748774
8359.262708
8502.290494
8788.430995
9357.039485
10487.374858
11161.345852
10212.564581
11107.291580
10641.977614
10445.063152
10346.011136
10169.176952
10052.487513
10049.623376
9915.363946
9941.469891
9735.183522
9717.598056
9600.299451
9581.406987
9565.419510
9559.242953
9486.456243
9498.222645
9489.222582
9499.144711
9521.846594
9522.599885
9522.282974
9489.461079
9480.176629
9452.109622
9443.350492
9437.294254
9427.656125
9435.859157
9435.234793
9424.018552
9434.739717
9429.745998
9433.466727
9443.610870
9443.231331
9451.570493
9452.862379
9458.852640
9461.477537
9444.948132
9442.979506
9441.710354
9372.541377
9182.723621
9068.544298
8865.478104
8769.667988
8711.905710
8670.735270
8638.938505
8613.197279
8591.677639
8573.251402
8557.179617
8542.960036
8530.240968
8518.768465
8508.353049
8498.848507
8490.138364
8482.127493
8474.736098
8467.896279
8461.549576
8455.645144
8450.138395
8444.990005
8440.165194
8435.633087
8431.366174
8427.339939
8423.532518
8419.924416
8416.498229
8413.238408
8410.131051
8407.163716
8404.325264
8401.605689
8398.996000
8396.488105
8394.074713
8391.749237
8389.505723
8387.338776
8385.243500
8383.215445
8381.250557
8379.345124
8377.495740
8375.699331
8373.953060
8372.254292
8370.600622
8368.989826
8367.419864
8365.888851
8364.395046
8362.936833
8361.512709
8360.121270
8358.761205
8357.431285
8356.130357
8354.857336
8353.611204
8352.390999
8351.195812
8350.024787
8348.877111
8347.752015
8346.648768
8345.566679
8344.505087
8343.463364
8342.440913
8341.437163
8340.451569
8339.483610
8338.532788
8337.598625
8336.680664
8335.778468
8334.891613
8334.019697
8333.162331
8332.319139
8331.489763
8330.673855
8329.871081
8329.081118
8328.303656
8327.538393
8326.785041
8326.043317
8325.312951
8324.593680
8323.885251
8323.187417
8322.499941
8321.822590
8321.155143
8320.497380
8319.849093
8319.210075
8318.580130
8317.959064
8317.346690
8316.742827
8316.147296
8315.559928
8314.980553
8314.409010
8313.845141
8313.288791
8312.739811
8312.198054
8311.663378
8311.135646
8310.614721
8310.100472
8309.592772
8309.091495
8308.596519
8308.107726
8307.624999
8307.148226
8306.677295
8306.212100
8305.752536
8305.298498
8304.849889
8304.406608
8303.968562
8303.535656
8303.107799
8302.684902
8302.266879
8301.853643
8301.445112
8301.041205
8300.641841
8300.246943
8299.856435
8299.470243
8299.088294
8298.710517
8298.336841
8297.967200
8297.601525
8297.239753
8296.881818
8296.527660
8295.122591
8294.284956
8293.689601
8293.207524
8292.785309
