0.001000
0.002000
0.003000
0.004000
0.005000
0.006000
0.008000
0.012000
0.020000
0.036000
0.068000
0.132000
0.260000
0.516000
1.028000
2.052000
4.100000
6.148000
8.196000
10.244000
12.292000
14.340000
16.388000
18.436000
20.484000
22.532000
24.580000
26.628000
28.676000
30.724000
32.772000
34.820000
36.868000
38.916000
40.964000
43.012000
45.060000
47.108000
49.156000
51.204000
53.252000
55.300000
57.348000
59.396000
61.444000
63.492000
65.540000
67.588000
69.636000
71.684000
73.732000
75.780000
77.828000
79.876000
81.924000
83.972000
86.020000
88.068000
90.116000
92.164000
94.212000
96.000000
96.200000
98.200000
100.200000
102.200000
104.200000
106.200000
108.200000
110.200000
112.200000
114.200000
116.200000
118.200000
120.200000
122.200000
124.200000
126.200000
128.200000
130.200000
132.200000
134.200000
136.200000
138.200000
140.200000
142.200000
144.200000
146.200000
148.200000
150.200000
152.200000
154.200000
156.200000
158.200000
160.200000
162.200000
164.200000
166.200000
168.200000
170.200000
172.200000
174.200000
176.200000
178.200000
180.200000
182.200000
184.200000
186.200000
188.200000
190.200000
192.200000
194.200000
196.200000
198.200000
200.200000
202.200000
204.200000
206.200000
208.200000
210.200000
212.200000
214.200000
216.200000
218.200000
220.200000
222.200000
224.200000
226.200000
228.200000
230.200000
232.200000
234.200000
236.200000
238.200000
240.200000
242.200000
244.200000
246.200000
248.200000
250.200000
252.200000
254.200000
256.200000
258.200000
260.200000
262.200000
264.200000
266.200000
268.200000
270.200000
272.200000
274.200000
276.200000
278.200000
280.200000
282.200000
284.200000
286.200000
288.200000
290.200000
292.200000
294.200000
296.200000
298.200000
300.200000
302.200000
304.200000
306.200000
308.200000
310.200000
312.200000
314.200000
316.200000
318.200000
320.200000
322.200000
324.200000
326.200000
328.200000
330.200000
332.200000
334.200000
336.200000
338.200000
340.200000
342.200000
344.200000
346.200000
348.200000
350.200000
352.200000
354.200000
356.200000
358.200000
360.200000
362.200000
364.200000
366.200000
368.200000
370.200000
372.200000
374.200000
376.200000
378.200000
380.200000
382.200000
384.200000
386.200000
388.200000
390.200000
392.200000
394.200000
396.200000
398.200000
400.200000
402.200000
404.200000
406.200000
