8214.558703
8215.117406
8215.676109
8216.234812
8216.793515
8217.352218
8218.469623
8220.704435
8225.174059
8234.113305
8251.991796
8287.748774
8359.262708
8502.290494
8788.430995
9357.039485
10487.374858
11161.345852
10212.564581
11107.291580
10641.977614
10445.063152
10346.011136
10169.176952
10052.487513
10049.623376
9915.363946
9941.469891
9735.183522
9690.592985
9551.061797
9502.687575
9496.696370
9506.577655
9510.023798
9469.161076
9498.949859
9504.813536
9535.353531
9515.394107
9515.007013
9530.818133
9521.873705
9526.718418
9529.231936
9542.001247
9521.103347
9536.440238
9504.151566
9512.609887
9510.029365
9524.032614
9525.478608
9489.785702
9492.508854
9497.973030
9490.895405
9502.740624
9481.948117
9468.143308
9465.320332
9444.545394
9227.201257
9125.794285
8937.102641
8822.040146
8755.776778
8710.508137
8676.069098
8648.326436
8625.155933
8605.301372
8587.958512
8572.587401
8558.812880
8546.365833
8535.046447
8524.701128
8515.207831
8506.466630
8498.393554
8490.916752
8483.973941
8477.510596
8471.478732
8465.835972
8460.544764
8455.571779
8450.887370
8446.465123
8442.281474
8438.315387
8434.548088
8430.962758
8427.544334
8424.279269
8421.155421
8418.161906
8415.288938
8412.527708
8409.870272
8407.309464
8404.838822
8402.452471
8400.145077
8397.911794
8395.748208
8393.650293
8391.614368
8389.637064
8387.715286
8385.846185
8384.027132
8382.255693
8380.529622
8378.846833
8377.205395
8375.603507
8374.039494
8372.511793
8371.018942
8369.559570
8368.132394
8366.736206
8365.369871
8364.032316
8362.722532
8361.439563
8360.182504
8358.950498
8357.742731
8356.558430
8355.396860
8354.257319
8353.139141
8352.041687
8350.964350
8349.906546
8348.867719
8347.847335
8346.844883
8345.859871
8344.891829
8343.940305
8343.004862
8342.085082
8341.180562
8340.290913
8339.415762
8338.554748
8337.707521
8336.873746
8336.053099
8335.245264
8334.449940
8333.666831
8332.895656
8332.136138
8331.388011
8330.651018
8329.924908
8329.209439
8328.504377
8327.809493
8327.124566
8326.449382
8325.783732
8325.127412
8324.480228
8323.841986
8323.212503
8322.591595
8321.979089
8321.374812
8320.778599
8320.190288
8319.609720
8319.036743
8318.471206
8317.912964
8317.361876
8316.817803
8316.280610
8315.750166
8315.226343
8314.709015
8314.198062
8313.693364
8313.194805
8312.702272
8312.215655
8311.734846
8311.259740
8310.790233
8310.326226
8309.867621
8309.414322
8308.966235
8308.523268
8308.085334
8307.652344
8307.224212
8306.800857
8306.382195
8305.968148
8305.558637
8305.153586
8304.752921
8304.356568
8303.964457
8303.576516
8303.192678
8302.812876
8301.388494
8300.525445
8299.904288
8299.396993
8298.950157
