8214.558550
8215.117099
8215.675649
8216.234198
8216.792748
8217.351297
8218.468396
8220.702594
8225.170991
8234.107783
8251.981366
8287.728526
8359.222827
8502.211345
8788.188054
9360.140153
10504.042277
12760.242830
15420.239240
13762.668041
11878.706958
13105.831557
13394.013156
11535.416718
11460.931631
11441.764190
11355.335086
11417.702845
11375.034526
11288.596423
11261.383835
11186.740195
11203.196715
11226.392683
11209.258262
11191.086652
11186.046819
11172.109932
11136.436372
11103.175495
11140.148502
11143.342197
11126.172939
11133.740326
11144.960570
11176.282968
11137.619888
11164.751642
11127.190988
11136.295358
11142.543239
11123.857545
11112.474045
11100.885165
11101.787420
11087.269964
11105.821536
11093.333954
11105.062140
11103.553401
11071.171604
11070.192616
11064.377142
11061.799448
11053.841131
11053.412753
11034.199210
11031.722563
11017.192943
11015.062552
11013.510937
11000.129262
10999.587331
10999.455636
10999.451622
10999.449555
10999.446592
10999.425010
10998.405992
10998.378029
10998.328204
10995.815617
10995.764859
10995.729403
10992.626925
10992.575116
10992.573250
10992.571912
10992.570578
10992.569244
10992.567908
10992.566570
10992.565226
10992.563872
10992.562488
10992.560972
10992.557697
10991.886545
10991.874229
10991.872667
10991.870784
10991.865312
10991.609479
10990.841698
10989.969336
10989.958655
10989.957256
10989.955936
10989.954617
10989.953298
10989.951978
10989.950659
10989.949340
10989.948021
10989.946701
10989.945382
10989.944063
10989.942744
10989.941424
10989.940105
10989.938786
10989.937467
10989.936148
10989.934828
10989.933509
10989.932190
10989.930871
10989.929552
10989.928232
10989.926913
10989.925594
10989.924275
10989.922956
10989.921637
10989.920317
10989.918998
10989.917679
10989.916360
10989.915041
10989.913722
10989.912403
10989.911083
10989.909764
10989.908445
10989.907126
10989.905807
10989.904488
10989.903169
10989.901850
10989.900531
10989.899211
10989.897892
10989.896573
10989.895254
10989.893935
10989.892616
10989.891297
10989.889978
10989.888659
10989.887340
10989.886021
10989.884702
10989.883383
10989.882064
10989.880745
10989.879426
10989.878107
10989.876788
10989.875469
10989.874150
10989.872830
10989.871511
10989.870192
10989.868873
10989.867555
10989.866236
10989.864917
10989.863598
10989.862279
10989.860960
10989.859641
10989.858322
10989.857003
10989.855684
10989.854365
10989.853046
10989.851727
10989.850408
10989.849089
10989.847770
10989.846451
10989.845132
10989.843813
10989.842494
10989.841176
10989.839857
10989.838538
10989.837219
10989.835900
10989.834581
10989.833262
10989.831943
10989.830624
10989.829306
10989.827987
10989.826668
10989.825349
10989.824030
10989.822711
10989.821393
10989.817239
10989.813214
10989.809238
10989.805310
10989.801430
