8214.558703
8215.117406
8215.676109
8216.234812
8216.793515
8217.352218
8218.469623
8220.704435
8225.174059
8234.113305
8251.991796
8287.748774
8359.262708
8502.290494
8788.430995
9357.039485
10487.374858
11161.345852
10212.564581
11107.291580
10641.977614
10445.063152
10346.011136
10169.176952
10052.487513
10049.623376
9915.363946
9941.469891
9735.183522
9596.700974
9469.807896
9369.882748
9314.706438
9280.382408
9268.082705
9248.166624
9233.194537
9211.998287
9199.919281
9183.027126
9175.338762
9167.749520
9169.874483
9169.431268
9170.110443
9168.984154
9166.677626
9169.331541
9174.239966
9182.095425
9192.056204
9206.633618
9223.401618
9241.472044
9260.587337
9280.435054
9299.801120
9313.785634
9333.409240
9353.835189
9374.022422
9386.018802
9406.413251
9426.163505
9433.454422
9451.139953
9460.737187
9473.303993
9492.250946
9500.083449
9518.652877
9525.770120
9511.492952
9508.801178
9524.642517
9515.464932
9524.656011
9499.704030
9499.136908
9495.993527
9472.288681
9459.642572
9456.877182
9444.768257
9441.833275
9438.798010
9436.165341
9435.373312
9411.416078
9388.663571
9369.077366
9346.969387
9331.180402
9317.812808
9300.239040
9282.813244
9271.456769
9262.533946
9255.151121
9248.784623
9240.928659
9230.403078
9223.977284
9219.793637
9217.054597
9215.259809
9214.087745
9213.324988
9212.830096
9212.509821
9212.303055
9212.169924
9212.084487
9212.029904
9211.995258
9211.973476
9211.959981
9211.951812
9211.947052
9211.944463
9211.943244
9211.942880
9211.943036
9211.943497
9211.944127
9211.944836
9211.945568
9211.946287
9211.946973
9211.947610
9211.948190
9211.948711
9211.949169
9211.949563
9211.949894
9211.950163
9211.950371
9211.950519
9211.950609
9211.950641
9211.950618
9211.950541
9211.950412
9211.950231
9211.950000
9211.949721
9211.949395
9211.949022
9211.948605
9211.948144
9211.947641
9211.947096
9211.946511
9211.945886
9211.945223
9211.944522
9211.943785
9211.943012
9211.942205
9211.941363
9211.940488
9211.939581
9211.938642
9211.937672
9211.936671
9211.935641
9211.934583
9211.933496
9211.932381
9211.931239
9211.930071
9211.928878
9211.927658
9211.926414
9211.925146
9211.923854
9211.922539
9211.921201
9211.919841
9211.918459
9211.917056
9211.915632
9211.914187
9211.912723
9211.911238
9211.909735
9211.908212
9211.906671
9211.905111
9211.903534
9211.901940
9211.900328
9211.898699
9211.897054
9211.895393
9211.893716
9211.892023
9211.890315
9211.888592
9211.886854
9211.885102
9211.883336
9211.881555
9211.879761
9211.877954
9211.876133
9211.874299
9211.872453
9211.870594
9211.868723
9211.866839
9211.864944
9211.863037
9211.861119
9211.859189
9211.857248
9211.855297
9211.853334
9211.851362
9211.849378
9211.847385
9211.845381
9211.843368
9211.841345
9211.839313
9211.837271
9211.835220
9211.833159
9211.831090
9211.829012
9211.823170
9211.818710
9211.814412
9211.810204
9211.806062
