8214.558540
8215.117081
8215.675621
8216.234162
8216.792702
8217.351242
8218.468323
8220.702485
8225.170807
8234.107453
8251.980742
8287.727316
8359.220444
8502.357412
8788.463431
9361.054425
10509.393385
13401.093353
9521.616875
9888.323973
10633.417536
11165.633094
10594.248901
10384.394937
9950.115510
9963.190470
9719.978991
9680.844357
9603.935919
9591.931396
9539.316364
9513.181000
9519.135212
9484.183217
9428.594020
9373.018001
9335.571304
9296.018859
9269.121293
9239.883860
9220.827419
9200.404233
9189.017002
9178.661122
9169.191393
9166.693157
9163.472191
9160.618785
9157.856444
9156.108537
9154.356876
9155.251144
9154.859551
9157.140741
9162.483954
9169.199606
9179.646163
9190.877955
9203.373107
9216.979178
9230.866623
9243.108096
9257.947167
9266.527776
9280.056137
9294.665719
9304.903052
9313.278134
9320.280685
9332.473081
9326.890769
9317.147292
9324.183774
9333.935881
9334.894081
9340.349478
9329.801032
9324.254738
9327.132103
9334.268246
9338.562876
9348.010749
9349.198775
9353.207675
9351.123743
9343.789609
9347.773517
9346.531277
9328.658146
9326.989474
9321.534561
9319.088895
9307.240374
9305.392020
9304.490183
9302.644231
9296.658178
9289.898984
9287.684183
9283.215168
9281.494033
9274.531986
9273.472291
9267.254247
9266.317260
9265.272948
9262.131510
9261.016937
9255.584215
9254.659868
9248.687459
9247.891280
9247.722685
9247.253248
9242.724076
9241.822596
9240.962385
9240.267810
9239.167046
9238.305611
9237.406559
9235.874976
9234.798575
9234.265127
9233.850373
9232.563241
9230.586842
9226.938526
9226.357916
9226.201524
9226.105420
9225.747062
9224.786773
9224.053892
9223.701908
9223.562904
9223.505879
9223.467582
9223.360325
9222.322386
9221.391112
9220.702562
9220.295000
9220.006344
9219.208114
9218.201156
9217.661998
9217.360635
9216.637419
9215.792101
9215.278767
9214.980561
9214.773228
9214.606632
9214.429536
9213.683907
9213.030202
9212.647857
9212.404243
9212.220065
9212.070439
9211.946068
9211.834865
9211.617025
9211.054904
9210.601166
9210.309549
9210.081715
9208.458178
9207.757067
9207.426310
9207.227285
9207.094251
9207.003201
9206.940811
9206.898131
9206.868925
9206.848873
9206.835007
9206.825307
9206.818407
9206.813383
9206.809618
9206.806695
9206.804336
9206.802353
9206.800623
9206.799062
9206.797613
9206.796240
9206.794917
9206.793628
9206.792361
9206.791110
9206.789868
9206.788633
9206.787403
9206.786176
9206.784951
9206.783727
9206.782504
9206.781282
9206.780060
9206.778838
9206.777616
9206.776395
9206.775174
9206.773953
9206.772732
9206.771510
9206.770289
9206.769068
9206.767847
9206.766626
9206.765405
9206.764184
9206.762963
9206.761742
9206.760521
9206.759300
9206.758079
9206.756858
9206.755637
9206.754416
9206.753195
9206.751974
9206.750753
9206.749532
9206.748311
9206.747090
9206.745869
9206.744648
9206.743427
9206.742206
9206.740985
9206.739764
9206.738543
9206.737322
9206.736102
9206.734881
9206.733660
9206.730088
9206.727329
9206.724612
9206.721923
9206.719262
