8214.558703
8215.117406
8215.676109
8216.234812
8216.793515
8217.352218
8218.469623
8220.704435
8225.174059
8234.113305
8251.991796
8287.748774
8359.262708
8502.290494
8788.430995
9357.039485
10487.374858
11161.345852
10212.564581
11107.291580
10641.977614
10445.063152
10346.011136
10169.176952
10052.487513
10049.623376
9915.363946
9941.469891
9735.183522
9708.973435
9584.058718
9549.330761
9519.290457
9514.284775
9487.396944
9497.517338
9480.239263
9504.389721
9489.405189
9475.008325
9453.409155
9433.268898
9423.954439
9426.800025
9407.215253
9405.127833
9378.326982
9379.418465
9387.174636
9383.790700
9379.060691
9378.487921
9371.941130
9369.843486
9378.952741
9378.019133
9359.079804
9361.050823
9370.095185
9362.868547
9363.172785
9353.684530
9352.654288
9344.048870
9342.649558
9334.748041
9333.678527
9326.450196
9325.337331
9324.722377
9321.124763
9319.672334
9315.753999
9315.015718
9314.552176
9314.151065
9312.229440
9311.619712
9311.209442
9310.833422
9310.464226
9310.081209
9309.607560
9308.772061
9308.369056
9308.001974
9307.642672
9307.290161
9306.944190
9306.604473
9306.270720
9305.942645
9305.619975
9305.302444
9304.989797
9304.681791
9304.378189
9304.078768
9303.783312
9303.491618
9303.203491
9302.918747
9302.637209
9302.358712
9302.083096
9301.810213
9301.539920
9301.272084
9301.006577
9300.743280
9300.482081
9300.222872
9299.965554
9299.710030
9299.456213
9299.204017
9298.953364
9298.704178
9298.456390
9298.209933
9297.964744
9297.720766
9297.477943
9297.236223
9296.995557
9296.755900
9296.517207
9296.279439
9296.042557
9295.806524
9295.571306
9295.336871
9295.103190
9294.870234
9294.637976
9294.406391
9294.175456
9293.945148
9293.715446
9293.486330
9293.257782
9293.029782
9292.802313
9292.575360
9292.348909
9292.122946
9291.897457
9291.672429
9291.447852
9291.223714
9291.000004
9290.776713
9290.553830
9290.331347
9290.109255
9289.887546
9289.666214
9289.445250
9289.224649
9289.004403
9288.784508
9288.564955
9288.345740
9288.126858
9287.908303
9287.690071
9287.472158
9287.254559
9287.037270
9286.820288
9286.603608
9286.387227
9286.171142
9285.955348
9285.739842
9285.524621
9285.309681
9285.095021
9284.880637
9284.666528
9284.452691
9284.239124
9284.025824
9283.812791
9283.600020
9283.387511
9283.175261
9282.963268
9282.751531
9282.540049
9282.328819
9282.117841
9281.907113
9281.696633
9281.486400
9281.276413
9281.066670
9280.857171
9280.647913
9280.438897
9280.230119
9280.021580
9279.813278
9279.605211
9279.397380
9279.189782
9278.982418
9278.775286
9278.568386
9278.361716
9278.155276
9277.949064
9277.743081
9277.535422
9277.328361
9277.121560
9276.915013
9276.708719
