0.001000
0.002000
0.003000
0.004000
0.005000
0.006000
0.008000
0.012000
0.020000
0.036000
0.068000
0.132000
0.260000
0.516000
1.028000
2.052000
4.100000
6.148000
8.196000
8.196205
8.196307
8.196410
8.196614
8.197024
8.197434
8.198253
8.199072
8.200710
8.202349
8.205626
8.212179
8.225286
8.251501
8.303930
8.408787
8.618502
8.828218
9.037933
9.247648
9.457363
9.667078
9.876794
10.086509
10.296224
10.505939
10.925370
11.764230
13.441952
15.119674
16.797395
18.475117
20.152838
21.830560
23.508282
25.186003
26.863725
28.541446
28.709219
28.876991
29.044763
29.212535
29.380307
29.397084
29.413862
29.430639
29.447416
29.464193
29.497748
29.564857
29.699074
29.833292
30.101727
30.370163
30.638598
31.175469
31.712340
32.249211
32.786082
33.322953
33.859824
34.933566
35.148314
35.363062
35.792559
36.651553
36.823351
36.995150
37.338747
38.025942
39.400332
40.774721
42.149111
42.286550
42.423989
42.698867
43.248622
44.348134
45.447646
47.646669
47.866571
48.086474
48.526278
49.405887
51.165106
52.924325
54.683543
56.442762
58.201981
59.961199
61.720418
63.479636
63.655558
63.831480
64.007402
64.183324
64.271285
64.447207
64.623128
64.799050
64.974972
65.326816
66.030503
66.734191
66.874928
67.015666
67.297141
67.860091
68.985991
71.237790
73.489590
75.741390
75.966570
76.191750
76.642110
77.542830
79.344270
81.145710
82.947149
84.748589
84.928733
85.108877
85.469165
86.189741
87.630893
89.072045
90.000000
90.200000
92.200000
94.200000
96.200000
98.200000
100.200000
102.200000
104.200000
106.200000
108.200000
110.200000
112.200000
114.200000
116.200000
118.200000
120.200000
122.200000
124.200000
126.200000
128.200000
130.200000
132.200000
134.200000
136.200000
138.200000
140.200000
142.200000
144.200000
146.200000
148.200000
150.200000
152.200000
154.200000
156.200000
158.200000
160.200000
162.200000
164.200000
166.200000
168.200000
170.200000
172.200000
174.200000
176.200000
178.200000
180.200000
182.200000
184.200000
186.200000
188.200000
190.200000
192.200000
194.200000
196.200000
198.200000
200.200000
